0015133301
0018800709
0037095051
0037163045
0041076064
0047201106
0052091022
0052633020
0054500306
0066200900
0075500203
0076700307
0099300205
0101008191
0101102101
0101600607
0103096144
0104108063
0123112158
0125164007
0133800305
0134600403
0135043168
0135701300
0135900201
0142551013
0153156079
0153922000
0157600707
0166800403
0180800208
0183058282
0185028200
0192001576
0192072138
0192363018
0195520015
0202416019
0203035107
0211500204
0222672013
0241157059
0242120001
0250553041
0252700304
0256800803
0267002077
0267134083
0267900603
0273055217
0279972011
0289901606
0290177089
0294602029
0304143057
0306900707
0308666015
0310871008
0311400105
0315118088
0319500900
0323096144
0323616002
0324156112
0331162068
0336140017
0338900309
0342480022
0344000903
0346701303
0347600802
0350491039
0356100504
0359427035
0359701805
0360119080
0360401307
0361400100
0363100172
0363124163
0369050073
0373389023
0381081072
0381144181
0388501101
0403900702
0406800804
0417295008
0426145128
0428105060
0435025095
0438084023
0445001006
0447008059
0448306036
0448901022
0451030112
0454400700
0462001145
0463991022
0467054066
0468024124
0469301806
0479001011
0481001109
0482600807
0483130178
0488600902
0496160019
0507118327
0524601002
0538891011
0541800700
0547138054
0558084021
0563001105
0575162122
0578750008
0578801006
0585701306
0591115061
0597055046
0597093117
0606010100
0611140099
0619200906
0620101209
0624498031
0625600204
0628001720
0633001007
0634201904
0646900608
0651600308
0663012084
0663501009
0673600302
0673900906
0673910006
0675501502
0678784015
0679032047
0683855012
0696171043
0709200709
0719134022
0723158165
0725700504
0729801808
0735104015
0737701802
0738099020
0754202204
0756300807
0757501802
0758301802
0758401516
0759135110
0760210017
0762200904
0762800702
0763801905
0767074019
0772701603
0785015027
0789700706
0791827006
0793501200
0793701707
0802501600
0802755059
0805308016
0807900900
0828017054
0829392001
0833129025
0833600507
0836900703
0846001201
0856206061
0869101202
0871901601
0882100509
0883001008
0895400107
0896400301
0929800707
0935600500
0939000303
0942700603
0942900601
0943900404
0944700707
0947601513
0961600105
0964800704
0966009049
0968301406
0968826002
0969007109
0973141061
0973300309
0975028105
0987979000
0992701304
0992865013
1011000505
1011149260
1011900301
1012366032
1014085012
1015595026
1022801200
1038101409
1039300601
1041500106
1065926008
1068032021
1068048010
1068114028
1069790013
1071149053
1072701509
1084316031
1093501909
1098941015
1099800502
1104600307
1111430035
1124800303
1129500902
1135788092
1137001703
1148201209
1155600700
1156201202
1187811008
1193590029
1202212012
1202900805
1206300508
1207000509
1215035136
1224827008
1227800108
1238500901
1239301107
1243077108
1251801508
1251900401
1266901505
1275401609
1278301702
1291000709
1292401310
1298053041
1308171067
1321027008
1324600105
1328400607
1332301903
1333701603
1343117038
1351000701
1358700308
1363034094
1364401709
1377137106
1377656044
1378600209
1378820020
1379336063
1382201703
1382701708
1384300807
1385501204
1389900702
1392429025
1393089098
1403153070
1405901206
1407138079
1411901017
1412527015
1419900903
1423462025
1445871028
1447700602
1448201301
1456000405
1457001108
1457284026
1458901606
1486794013
1503170037
1504001802
1506101209
1515861034
1515900203
1539052055
1539700802
1548001104
1555101509
1556719004
1573700909
1575062011
1578023034
1581000204
1583579052
1583801407
1588501203
1590552016
1610802005
1623012207
1629800409
1630435014
1630700809
1630901209
1647023033
1668200207
1674901001
1686223013
1687600506
1687700202
1688001607
1688300703
1688400800
1693800405
1703001203
1711591053
1715501104
1718700900
1719401303
1723501705
1730461052
1732827012
1733855029
1757101501
1757701300
1764741005
1766200806
1780160028
1781678038
1803100906
1803901603
1808100308
1810501808
1811400700
1811873016
1812563019
1813219029
1814795055
1817701801
1821901909
1831089001
1833168032
1840502109
1862901306
1864200505
1865082105
1866500703
1872401809
1876600809
1883200809
1885800407
1893081145
1896602119
1897500600
1901500101
1901678029
1902001005
1905072005
1906300200
1908601408
1919800208
1920001800
1931027012
1939800509
1942500702
1947300605
1963501306
1966033000
1976875001
1995602002
1995709004
2000301308
2001260011
2003059070
2003576030
2010201102
2023700209
2024701304
2026900807
2027082026
2040900201
2044800703
2049301207
2067200906
2080069005
2083600909
2087278002
2088057007
2089100304
2089534012
2104302600
2113437006
2119600607
2120801309
2122601708
2127011074
2131800600
2134800203
2142102112
2152109041
2152600902
2165502306
2173601809
2173900200
2176301208
2179700600
2180306005
2180400905
2187201206
2192700408
2199320059
2202821012
2207602109
2211100705
2228401402
2228801603
2253160040
2253578006
2262170009
2281401508
2285321013
2285451016
2298127190
2301001483
2301801109
2305902000
2306001605
2312701401
2319131025
2322800400
2324801806
2331789025
2332200708
2334300106
2349201300
2377825013
2385520054
2386139011
2395201606
2431500108
2431501900
2431800604
2433069091
2444201014
2444201719
2444300201
2444700207
2450600900
2459400306
2475000707
2475400909
2477201103
2480900209
2486001204
2489101403
2490801609
2492621013
2494600506
2509300700
2512902109
2516042007
2538901604
2539702015
2540201803
2562200407
2578648005
2582409007
2582817018
2599401406
2613114099
2617114004
2622229021
2627043021
2631101106
2642501500
2643054113
2643100406
2643101600
2645301300
2646124041
2647100700
2652801105
2653201001
2658601505
2659027033
2662614004
2667057027
2672900201
2686590010
2691101306
2691801309
2695568026
2699600109
2704201404
2706359062
2706689010
2713095037
2714001806
2720301604
2720600808
2722601402
2732400208
2735500308
2737301608
2739539052
2741000506
2741600305
2743502104
2746000701
2751185003
2753601504
2785301206
2791256018
2791801708
2793000204
2793300407
2803801505
2804900807
2817101056
2818166104
2824100206
2825900900
2826601303
2829901607
2829901705
2830200809
2830391021
2841658000
2842093003
2848301907
2849701509
2853137089
2880075027
2892257084
2893721010
2908801405
2912744008
2922701005
2925000202
2925004013
2925300405
2925601401
2926201109
2926600605
2930800400
2931300608
2931432005
2931600302
2950801407
2954940019
2958064029
2978370019
2982300200
2987065003
2998889000
3001100905
3004959025
3015629010
3021307016
3024901203
3041357192
3042201202
3042579049
3043162057
3049800701
3050300900
3050301507
3063100102
3076201004
3102401300
3102857002
3131739013
3136701403
3138105140
3139301900
3149501701
3179100909
3186801005
3187800406
3191001502
3208100103
3217801703
3234201116
3235701608
3235846002
3238000708
3243136168
3250401101
3258004039
3261500402
3263600602
3267143110
3268000206
3275645016
3303165052
3306001301
3308500704
3309701503
3318000405
3321817004
3322400305
3324000500
3332870017
3341439006
3349400601
3350501803
3351001708
3351501507
3363100801
3363700100
3364823015
3365154019
3367301505
3368301200
3369500804
3372000206
3392601528
3396323035
3403124231
3403701452
3405400503
3412200609
3412701006
3414000108
3418000500
3418800502
3421501606
3439917015
3440400500
3442832003
3445012058
3487188020
3493201109
3502412029
3510601204
3511629005
3524700900
3540101803
3543602008
3548601400
3550300400
3550666033
3554601104
3556801349
3568900503
3569000207
3572401509
3573300509
3579102301
3580129043
3580201309
3586951012
3596400304
3596457012
3599100105
3602700904
3603040056
3603501609
3628301706
3639102090
3650301103
3650870039
3658163059
3658701647
3659279001
3662619064
3667384075
3669000606
3673049005
3673875014
3673982005
3674165026
3677502021
3691701005
3699001559
3714701309
3714801004
3722301609
3723571161
3724800807
3725141009
3726300308
3747100208
3765073071
3765891015
3768370004
3776400605
3797501707
3798100808
3800496023
3809701405
3811129051
3820501501
3822633011
3822900700
3826702505
3848700903
3852901403
3853009090
3853202103
3854600403
3859601009
3859648028
3860100806
3867400103
3867700707
3870352045
3871500408
3873029123
3875501809
3879401303
3881800306
3886934008
3903003086
3903700407
3906300404
3912304069
3912900503
3915300502
3925201306
3930901201
3937900804
3938500708
3940400304
3941402006
3942675008
3943691015
3949901602
3962002056
3970300605
3974222013
3976101603
3977301903
3978301206
3979521011
3983501400
3988000101
3991101005
3992900408
4004901703
4007100705
4008400309
4022800208
4024101601
4028700108
4032801509
4032801705
4036700904
4037200701
4055600807
4059000501
4059701601
4076000408
4085001701
4085100104
4085700803
4091432007
4105003007
4105600908
4109101405
4109107024
4111444005
4115835002
4119100101
4124271016
4125400604
4129200109
4129200804
4146200906
4162101100
4162901406
4163000100
4169401102
4195493017
4196101108
4196200803
4201201506
4203501000
4204301509
4215600308
4225100106
4225101702
4231607019
4240000400
4249471050
4250900605
4262301106
4271012003
4274300200
4280400402
4283600501
4296597016
4316701302
4339500101
4345001807
4351600800
4351701201
4373201004
4376902009
4381036008
4381186021
4385300507
4385300703
4386701804
4387073050
4392094089
4400700109
4403021058
4412601408
4434700705
4466301700
4471801108
4471826001
4472301316
4472400600
4497747032
4503000704
4503301906
4503901508
