4507068059
4513601608
4514936035
4522300603
4527000703
4529201109
4530129003
4533901202
4539301107
4542165028
4547900105
4552144022
4557100084
4571601205
4581476097
4586061041
4587901805
4588345059
4594001409
4594701705
4595818021
4597000804
4599100809
4599500208
4599801302
4608502007
4638800504
4644546078
4654286016
4655300102
4656800800
4663400702
4674136026
4677027033
4678127014
4683109082
4683988010
4728398038
4734900500
4742000904
4762900903
4763094046
4764401404
4766197017
4786101507
4786993015
4787500806
4787501100
4788001005
4794500802
4803077156
4807015107
4817300402
4817901904
4835145012
4835401206
4836300108
4845401802
4846302007
4849800703
4852622027
4871995009
4873801007
4885100508
4906501801
4923160109
4932400809
4936201008
4940746005
4949524005
4956501502
4963601400
4982600900
4984202105
4986900506
4989301202
4995251015
5003800804
5004100104
5021093000
5022892025
5032695029
5032901204
5038057005
5046901008
5060101203
5061301209
5073011083
5073700602
5077933008
5085024081
5086054038
5090300806
5090405016
5093303073
5103200906
5106701404
5114014000
5117023001
5119501908
5121568004
5125300506
5134300508
5151500608
5158901403
5160601206
5167601103
5178401503
5179101504
5181858001
5196800708
5197301407
5200400908
5205200507
5206349005
5210300203
5213000102
5215067016
5215801206
5215901009
5216295005
5223039133
5229200703
5229900305
5236523037
5269690052
5273800607
5274600803
5292801009
5301000203
5328500906
5343901401
5346600809
5346900307
5353454006
5366694032
5367601608
5373995008
5382902408
5400855017
5402566022
5404400700
5415001503
5418201202
5423800109
5429701703
5439200101
5442000205
5442001801
5453528003
5459983008
5460701600
5461600101
5475700100
5477621047
5486200709
5494701002
5496600606
5512760007
5516000901
5523201101
5524201706
5525000305
5525552000
5554700601
5559257023
5570500805
5573101508
5601998006
5610201204
5610308001
5612792001
5613755002
5622600304
5624002000
5631701704
5637701514
5643009059
5653000608
5655009032
5677100401
5678000507
5692200908
5708401400
5709600201
5709901500
5711807069
5742533012
5744400503
5744901204
5745000808
5745301608
5751400704
5756862008
5769200307
5784202000
5786100507
5786100605
5802901102
5805801106
5815300502
5829601037
5832560045
5833500200
5834400502
5834785013
5841879020
5842865002
5846701101
5846807042
5846901500
5847100703
5848494016
5849901407
5860800905
5862108026
5868489002
5879701601
5880000108
5892185111
5892300306
5900701400
5911000502
5915801808
5918700207
5922901901
5933901604
5953000201
5962101601
5964701200
5971801909
5978686024
5984895002
5991201100
5992401605
5998900706
6004300708
6012700903
6014301804
6014355050
6015848009
6017900401
6018101601
6033700400
6041401405
6062000308
6071967010
6074060063
6079200907
6086700104
6087330065
6093300202
6095635015
6100400801
6101900902
6143401702
6143801003
6144012051
6156300706
6160807032
6169301806
6169800205
6170101600
6173701207
6187501708
6188016002
6191801404
6194504013
6196200204
6201500806
6202000701
6205601903
6215701402
6232200207
6240901006
6242393064
6272274009
6306300100
6308101009
6318048016
6327001000
6327838000
6328101301
6328300408
6329414008
6333700609
6339300502
6343200701
6358689019
6364801309
6366911002
6373898023
6395900401
6401901102
6406000101
6410300609
6416100500
6418301709
6426900501
6435600701
6447835007
6448200502
6450801609
6451400407
6451600806
6453222007
6465200105
6478001207
6485701205
6498101106
6503601705
6504800604
6505701004
6510700906
6510900101
6515220001
6517401100
6525000206
6537300404
6541300905
6563700905
6577301141
6579401208
6580000602
6602201601
6603601400
6605700600
6607800703
6611801107
6637962000
6642624044
6642901101
6689100502
6693114006
6716901201
6727395017
6741746043
6743159011
6745323064
6757801117
6766401201
6767097018
6767400200
6774400206
6787201502
6788605001
6802600506
6807301204
6812600408
6815900408
6816100404
6816312013
6817101508
6819924006
6844500402
6847500307
6850600202
6850801502
6858801603
6878201402
6891901603
6894100508
6901643003
6911401702
6913398013
6913701705
6921996014
6941200506
6945201604
6945224006
6948186003
6950116020
6952494018
6961001701
6962845009
6970548000
6973400106
6989400503
7004500705
7011001802
7017701802
7032301002
7033400304
7033401205
7041016029
7042401108
7071401250
7083076043
7083117030
7083600101
7097201006
7113800809
7115102202
7116501608
7120401807
7121101504
7126500804
7130001506
7152166041
7153617001
7159701606
7159808024
7168101408
7177771020
7216874017
7222610001
7222711003
7223131134
7224701207
7237801805
7249601205
7252401103
7255200706
7256100304
7256194061
7268800909
7280595027
7281102008
7283700507
7284801807
7285901402
7291523000
7309700207
7323500102
7325700105
7335800103
7346700600
7355605012
7357553057
7369066005
7371900107
7376549019
7379500300
7379900805
7385100908
7394201506
7394305042
7423139045
7424800105
7425701503
7430410046
7432400503
7439201108
7439801308
7441100605
7441701403
7467161009
7468901501
7468901707
7484458001
7492901404
7497102008
7506500601
7511300505
7521900107
7531601206
7534501005
7535001409
7542383001
7547001208
7550298002
7563800404
7563801207
7564301807
7564401904
7564881006
7565371018
7567700601
7568487004
7580100502
7583092074
7591400908
7593701802
7597089030
7598900908
7599301607
7599701809
7601901008
7609800600
7617159008
7618801708
7625900204
7639600404
7640400404
7641901406
7651300705
7661001001
7672878015
7680485033
7689815000
7693800800
7701582002
7702701603
7703476016
7734901007
7738753053
7739500804
7740501106
7742001401
7743501805
7744900203
7746801002
7747001311
7751800600
7755300704
7771540041
7771901303
7796200601
7806301107
7815963008
7817000607
7822600601
7836117015
7842252025
7843700401
7846400103
7848101003
7854100208
7856201005
7867902004
7873600908
7874047012
7878002000
7881098010
7891700204
7901116020
7902901206
7913801507
7917600208
7933961004
7935885007
7941101300
7947901309
7951936018
7954701708
7955087007
7956700107
7957801407
7981601105
7982050025
7989200309
7989601901
7989659062
7990401509
7998600306
8000200901
8011100106
8016200408
8017600607
8020302076
8027900907
8042700702
8044000901
8044100508
8048700200
8049700609
8053600201
8054001507
8070900202
8075901102
8078157103
8079601303
8080289067
8081700808
8084201405
8087300104
8105301906
8106202101
8136900700
8144200202
8152624030
8155557027
8156701102
8162426019
8163201005
8165302106
8174500108
8176601502
8177916011
8182801205
8183103020
8183119028
8183300600
8186001703
8188800702
8191701305
8217222009
8223101507
8225194014
8225501606
8256890005
8262100604
8271401219
8272000702
8290601306
8290800305
8298627002
8303058002
8303200507
8320400607
8323401307
8337100105
8351801304
8353201501
8358801309
8359200607
8362701008
8377301509
8384698040
8392202009
8392640012
8393501407
8404800703
8414500304
8450097022
8451283013
8458901100
8462100209
8486201901
8489100701
8491201402
8491900406
8492241011
8492601308
8497292009
8507901300
8511154017
8516100202
8523800808
8526500305
8550500207
8564301003
8565801808
8568701607
8568805003
8569802015
8570900004
8579101806
8588801908
8599800103
8607900906
8613201205
8614501406
8616500304
8621699025
8635903014
8636600800
8645301304
8657401004
8661000608
8667001604
8668800605
8671800805
8680600103
8685800100
8693901406
8694100500
8714041039
8722801404
8743601607
8747901801
8760147026
8762519066
8800400207
8801375000
8807517002
8812126004
8816501700
8836800608
8837441011
8837600804
8839001707
8839200608
8842600207
8844600105
8851101202
8872000102
8882401605
8890822007
8890901603
8908188016
8915500104
8916501708
8916800305
8918200307
8919301009
8920800806
8922301708
8924501800
8929400801
8930800805
8931400102
8939500809
8964401004
8971500508
8977101107
8980558001
8980700106
8989864000
8992001900
9007100407
9014800709
9048039013
9057100509
9076500408
9077301602
9077690011
9110202004
9111438048
9111886008
9114100303
9121264069
9124000303
9145501801
9181100703
9187500804
9196201601
9198100805
9217379004
9227001606
9232474019
9262900801
9279300204
9285600404
9287900407
9289201702
9315901209
9316200900
9318500609
9321901001
9323800802
9343500705
9344100404
9361703012
9372762107
9373401506
9378674044
9385601205
9404000906
9418601400
9419201901
9420100304
9423800908
9429723098
9432800400
9435600101
9446601009
9452100502
9452442008
9455201601
9459700707
9463600602
9471900602
9478100605
9487000108
9487901705
9490201207
9492012002
9495300304
9496400105
9498544012
9500100508
9500200400
9507815017
9540100103
9540400100
9544101907
9544200104
9544200408
9544293011
9544300103
9549100104
9555601203
9556800200
9557001303
9557201702
9560000200
9569901309
9570942003
9576902107
9596601305
9599831052
9613900306
9624601403
9629202003
9631312027
9643300201
9650601809
9661401808
9670664015
9671337035
9678501801
9683001003
9730073005
9734401402
9734500206
9738800703
9739601702
9742501404
9743101503
9750001705
9753203056
9756801615
9763600204
9766475002
9771981008
9773801200
9775300808
9787617019
9798301603
9799100604
9803401600
9807800305
9815801708
9833800203
9840900804
9845301309
9850828008
9853400606
9854203007
9858200509
9862000905
9863401506
9867000806
9867300705
9880066025
9889401903
9898800901
9902401708
9903544006
9905401408
9911400602
9912901203
