PremiseId
0041076064
0047201106
0180800208
0192072138
0192363018
0195520015
0202416019
0211500204
0256800803
0323096144
0331162068
0342480022
0344000903
0350491039
0361400100
0369050073
0403900702
0525006197
0538891011
0558084021
0578801006
0597093117
0633001007
0646900608
0651600308
0673910006
0675501502
0738099020
0757501802
0758401516
0762200904
0763801905
0833600507
0846001201
0856206061
0871901601
0943900404
0964800704
0973141061
0973300309
0987979000
1039300601
1065926008
1071149053
1129500902
1135788092
1137001703
1155600700
1156201202
1202212012
1308171067
1321027008
1328400607
1333701603
1358700308
1363034094
1377137106
1457284026
1486794013
1515861034
1555101509
1581000204
1668200207
1687600506
1688001607
1719401303
1732827012
1757101501
1872401809
1876600809
1885800407
1908601408
2026900807
2049301207
2080069005
2104302600
2127011074
2152109041
2187201206
2211100705
2253160040
2253578006
2285451016
2312701401
2319131025
2431501900
2431800604
2444201719
2444700207
2540201803
2562200407
2622229021
2659027033
2667057027
2686590010
2706689010
2720301604
2741000506
2753601504
2804900807
2826601303
2829901607
2829901705
2849701509
2925000202
3021307016
3024901203
3042201202
3050300900
3050301507
3076201004
3136701403
3149501701
3238000708
3275645016
3309701503
3322400305
3403701452
3418800502
3440400500
3493201109
3550300400
3596400304
3596457012
3602700904
3662619064
3669000606
3765073071
3852901403
3853009090
3859601009
3860100806
3906300404
3915300502
3925201306
3940400304
3949901602
3976101603
3978301206
3983501400
3988000101
4007100705
4059000501
4115835002
4124271016
4129200109
4240000400
4274300200
4316701302
4345001807
4376902009
4387073050
4471801108
4471826001
4472301316
4530129003
4547900105
4594001409
4599500208
4638800504
4656800800
4764401404
4787500806
4803077156
4845401802
4906501801
4995251015
5060101203
5073700602
5077933008
5103200906
5134300508
5179101504
5181858001
5196800708
5205200507
5215801206
5215901009
5292801009
5346900307
5353454006
5402566022
5460701600
5461600101
5475700100
5486200709
5516000901
5525000305
5559257023
5601998006
5610308001
5613755002
5622600304
5653000608
5655009032
5744400503
5786100507
5805801106
5815300502
5834400502
5846701101
5860800905
5880000108
5915801808
5922901901
6014355050
6079200907
6100400801
6101900902
6169800205
6170101600
6215701402
6232200207
6327001000
6333700609
6401901102
6406000101
6426900501
6517401100
6745323064
6812600408
6850801502
6901643003
6961001701
7017701802
7033401205
7041016029
7120401807
7130001506
7159808024
7216874017
7224701207
7256194061
7309700207
7323500102
7357553057
7371900107
7423139045
7432400503
7439801308
7468901501
7542383001
7599301607
7599701809
7625900204
7639600404
7651300705
7672878015
7680485033
7702701603
7796200601
7822600601
7874047012
7878002000
7935885007
7947901309
7951936018
7954701708
7956700107
7981601105
7982050025
7989601901
7998600306
8011100106
8027900907
8078157103
8079601303
8087300104
8105301906
8152624030
8162426019
8163201005
8183103020
8271401219
8303058002
8303200507
8392640012
8393501407
8491201402
8492241011
8564301003
8568805003
8599800103
8614501406
8685800100
8722801404
8747901801
8760147026
8800400207
8801375000
8836800608
8872000102
8882401605
8980700106
8989864000
9014800709
9111438048
9145501801
9181100703
9196201601
9198100805
9323800802
9343500705
9471900602
9478100605
9492012002
9495300304
9500200400
9540400100
9544101907
9544200408
9544300103
9556800200
9557201702
9570942003
9576902107
9629202003
9683001003
9734401402
9742501404
9756801615
9763600204
9773801200
9787617019
9799100604
9803401600
9853400606
9862000905
9912901203
