PremiseId
0030123070
0032000502
0054500306
0075500203
0080502201
0101008191
0101600607
0104108063
0118124011
0133800403
0135701300
0138462012
0140223007
0140700702
0140901004
0150966000
0157600707
0175601405
0219139161
0221801600
0222672013
0237145103
0241093069
0241157059
0243104154
0244400108
0266801008
0279039093
0310871008
0311400105
0325600602
0328601400
0337700606
0345901401
0346000908
0359601904
0363022164
0387031147
0388501101
0418301304
0426401404
0444131257
0447008059
0453145116
0454151065
0454601501
0468100507
0469301806
0473134075
0474700803
0475901709
0480701505
0481001109
0483015096
0483163168
0512130031
0520800401
0524100204
0533201105
0535004150
0538053011
0551058069
0558801204
0562030022
0565700103
0573000809
0574601506
0581146018
0586501100
0587096035
0595008085
0603098166
0638101817
0663501107
0678784015
0687148161
0725730030
0735104015
0737701802
0759135110
0759701209
0765400601
0765401209
0777200706
0785200807
0792100902
0792500301
0800100805
0809301803
0829392001
0850101300
0855800606
0858596040
0878801108
0884202209
0894500305
0927000406
0935620027
0938300703
0940101407
0944701706
0946303000
0947900307
0951500107
0962901608
0965201500
0972002056
0990401506
1003171105
1011000505
1015595026
1031801005
1038301906
1068048010
1068392004
1090301701
1099201801
1102001805
1104701243
1112300802
1117601709
1135600908
1138765055
1140018070
1152800607
1157741002
1158587011
1183201901
1193500203
1199601707
1206001706
1207533061
1209300307
1227093148
1237601509
1257401206
1257401402
1259085018
1263115234
1263576013
1272167013
1275401609
1282601603
1288122011
1291000709
1302268025
1323144315
1340102008
1345300407
1356005056
1377400800
1377600700
1377901608
1384501207
1390601800
1392429025
1395637029
1402200103
1403006049
1407138079
1412527015
1427200609
1442801406
1448201301
1457001108
1467271022
1469195007
1471600408
1473040097
1474828004
1492800509
1494393002
1503301400
1511101708
1512500703
1514620011
1514744016
1527048078
1537300506
1553600500
1553800107
1563501705
1570501407
1580800208
1582600705
1592217010
1592447036
1607000706
1629800409
1630700809
1634501900
1641101605
1647023033
1668044023
1677003021
1686223013
1687600506
1694001302
1704301208
1704463017
1715301801
1730957008
1759061054
1764741005
1767959018
1772902002
1773500202
1776770025
1777600300
1794300709
1812801400
1815701315
1819135148
1824243004
1833168032
1868400103
1875200707
1876600202
1876600701
1891392010
1892501003
1897401307
1901700403
1919800208
1940301002
1942500702
1956080042
1975801405
1976875001
1995602002
1995700101
1997308005
1997500109
2003500908
2022500105
2027057103
2027500408
2058490049
2062501404
2066601002
2067200906
2089100304
2091968000
2107201302
2113437006
2118501306
2119600607
2119601802
2121049010
2122300702
2123700207
2127005076
2133566026
2133702022
2134800506
2149298011
2174801609
2175601207
2176201600
2177912017
2193090089
2200837138
2201930003
2203278033
2204800507
2205562047
2206900306
2219701603
2248783013
2271044110
2285321013
2306001605
2313200405
2326400307
2331300308
2337101404
2342682000
2342771002
2367936009
2371000209
2376100902
2385700202
2392600209
2397701901
2419476003
2422226017
2424301505
2429501003
2430545003
2431002003
2431701203
2435300209
2436702309
2442100902
2443006042
2443132056
2444300201
2447094048
2457120028
2479979007
2484401107
2487100104
2492344011
2495500504
2503300204
2515000103
2520600205
2548265150
2600801408
2616200508
2621900306
2629782021
2648200805
2649801502
2680300905
2707200408
2707801606
2709201109
2713095037
2730147049
2735900901
2737900603
2738108017
2741101906
2752101306
2752442007
2752700506
2762001100
2775094090
2789391039
2793300407
2798300102
2798301209
2808301402
2826000202
2829902107
2867900116
2872400408
2884200708
2924900304
2925601401
2927201606
2934001800
2944101309
2964501802
2966800805
2987065003
2991039057
2993801201
2995901401
3008100802
3013847001
3016065029
3018600600
3019003012
3034800400
3039021043
3048401207
3050501408
3061831000
3061937007
3084446009
3100201501
3105288009
3105301705
3114001005
3135601709
3149701308
3173098008
3175158007
3181702006
3193600200
3215352036
3223020034
3234227012
3243401259
3243901209
3264701500
3268000206
3269895019
3272100305
3275645016
3281024014
3305549010
3306100702
3308861022
3312201003
3312800302
3313801700
3314301302
3321201601
3323224007
3323401204
3329600503
3330900303
3340901301
3347111089
3353601708
3361700809
3371217063
3371311084
3383031037
3413509013
3414761017
3418800502
3442800307
3443401308
3445012058
3448700902
3457301407
3486157147
3540101803
3543590033
3543900702
3549901600
3551201408
3552800508
3558400108
3569000207
3573300509
3577401517
3579509053
3580001702
3580129043
3580201309
3603007079
3628301706
3633114069
3633680022
3634766003
3635033076
3640201105
3640900305
3665700607
3669300104
3672400303
3674501101
3680541005
3680659002
3702401101
3727900202
3732701301
3752600604
3758001401
3758101703
3797501707
3809100901
3862101106
3867400103
3867700707
3882601305
3885001457
3902497011
3906300404
3922101509
3923079031
3924228001
3937200605
3937900804
3941400302
3941907001
3942000803
3949501802
3949901602
3950200608
3960801307
3969101109
3970300605
3971346052
3976500127
3978600605
3983900602
3989988000
3991101005
3995900606
4021105013
4032801509
4037200701
4042100105
4050554100
4062119086
4063000601
4067302000
4067400207
4076000408
4104900702
4106301007
4129700104
4163520003
4169401102
4187844019
4189101071
4189400904
4193700609
4195009006
4203501000
4225100106
4230000401
4239694032
4240701803
4250256050
4251220054
4259200701
4271012003
4275501400
4277301408
4278100301
4279901202
4280400402
4292983007
4299300113
4351394015
4368301904
4371400604
4376601600
4376701025
4376901108
4381036008
4381186021
4385300703
4385301702
4386701804
4419143083
4423129117
4499402102
4501001609
4503302004
4515401008
4539200403
4549501300
4554808038
4557100084
4560739035
4563201402
4567120016
4568500604
4580301101
4590321087
4592457008
4595818021
4608402002
4608596009
4655801008
4682800806
4685300902
4685901406
4811101406
4811536020
4844186003
4845401802
4846302007
4846801307
4861601503
4864501401
4865093085
4885102007
4898001805
4917674049
4917869002
4923501307
4940746005
4960464013
4967611136
4967702114
4983201206
4995200504
5003700707
5012901509
5032901204
5034200805
5061301209
5073011083
5086600400
5094324067
5103900507
5106701404
5114014000
5120201204
5121568004
5132900604
5133031049
5139137086
5143037044
5153442002
5155088113
5161100102
5170306069
5172001403
5172200607
5175401304
5177479047
5184201406
5187901304
5223039133
5226944006
5227003068
5227139054
5228201009
5228201303
5250010019
5250901809
5270300706
5274275003
5292500502
5304401809
5304500505
5304601754
5346096021
5353400905
5395900206
5397101708
5400117021
5400855017
5404400602
5411400607
5413001606
5415001503
5429600108
5436400908
5439200101
5448900203
5470301417
5477001905
5484700905
5525300302
5536193008
5537000300
5559257023
5603392002
5609501105
5613700605
5632400804
5632901103
5676401506
5676800807
5708600800
5709701101
5715600707
5726000407
5751400704
5757109180
5770700907
5778501803
5794443007
5841152033
5843662014
5845426043
5845621100
5852801509
5858700900
5862108026
5868489002
5880000108
5911000502
5922901901
5931501103
5941701609
5962101601
5971801909
5973117024
5984872009
5987594039
5997100500
6014301804
6014355050
6015848009
6020173000
6026500807
6027900703
6034500302
6044306029
6048100805
6049501005
6062000308
6063501505
6071400706
6150300102
6154646005
6154711007
6154728002
6154835002
6176300900
6182400505
6191801404
6193253008
6194504013
6197600903
6198501304
6202601303
6204201900
6215701402
6217000102
6228100803
6240500706
6242393064
6276100107
6297201806
6300500123
6306300707
6318048016
6327000113
6327101303
6333700805
6340900602
6358235002
6369201206
6373898023
6384869001
6397900504
6398900101
6403081029
6405800908
6412326031
6443200601
6444288015
6444501801
6464034004
6465101301
6485701205
6503700206
6528110005
6537200708
6537300404
6537300903
6548401800
6581300607
6636601801
6642901101
6647301605
6667701609
6678600804
6689100502
6693114006
6705192003
6705700902
6708100500
6715100603
6720100300
6748083030
6761701101
6761900501
6763702008
6765153013
6769061061
6773060027
6815900408
6816100100
6817101508
6820163162
6825501909
6838600207
6858801603
6859401204
6863134012
6889100107
6945300203
6952571010
6954600603
6970501404
6970900704
6973100305
6973400106
6976400706
6977300705
6979418012
6989600707
7011001802
7018306054
7030101400
7032000202
7033400304
7034601009
7038655012
7040601002
7067500203
7070901006
7080043015
7085000601
7093300309
7109027024
7112794007
7150737104
7152166041
7156801406
7159200309
7159901506
7170101388
7233801902
7252401103
7256000109
7286201103
7287400100
7323413053
7326494014
7330271001
7332873012
7346001205
7346301907
7346700600
7391508005
7394305042
7440955007
7457000201
7463109003
7479101203
7487401105
7488494012
7496632062
7497102008
7521900107
7566200804
7567700601
7597089030
7609800600
7616601401
7617159008
7635666006
7639001203
7640400404
7643054001
7655501204
7682300407
7688901602
7703476016
7740501106
7742500906
7742900403
7743500806
7774600105
7775100303
7786401903
7806301107
7817000607
7852201406
7874201703
7879201409
7882101002
7883700808
7897301801
7901116020
7918401305
7947400706
7948600301
7953323028
7957202000
7964300800
7970200201
7990401509
7991100609
7993600307
7998600208
7999372054
8002700403
8008005069
8009840008
8038101509
8049000508
8049601002
8082002008
8084201405
8084900105
8086591011
8123152034
8124801706
8129658008
8162426019
8183881001
8186001703
8188800702
8192601803
8200801303
8213801208
8214101702
8217222009
8224457003
8225501606
8270940002
8299801804
8334601605
8358800202
8359201606
8364753013
8373500507
8374253002
8392701201
8396500303
8415158028
8474238016
8491545029
8522601703
8528701406
8533300900
8563500709
8565700409
8569619038
8571000609
8576642001
8580601104
8596301602
8609701609
8617400900
8621701301
8638488005
8650201109
8668000202
8668301510
8668906007
8672381107
8675556044
8697601801
8744601204
8785701509
8799401503
8801101403
8802501602
8805334005
8809600607
8809901104
8812126004
8826501503
8829493029
8843300805
8844606022
8847946032
8850377050
8858301205
8859001108
8871401804
8874753043
8877845002
8879101301
8879200203
8908188016
8915401113
8916601805
8926000801
8936501029
8944300400
8954201203
8981526003
8988401101
8997931001
9003120080
9004339083
9007100407
9010600807
9014601719
9014700504
9014901404
9023415017
9048039013
9057100509
9075578058
9087101104
9109700307
9115852026
9116602007
9119001507
9179028079
9181200301
9186901507
9188701809
9205101709
9225701809
9227001606
9244117047
9246430016
9290662055
9296200904
9297878006
9298600504
9313470002
9315101305
9316200900
9362300707
9384711021
9390211014
9420100304
9423800908
9446601009
9447200100
9453445021
9454601502
9486501408
9495300304
9505342011
9507201404
9512501107
9533700601
9544201906
9556800200
9557942023
9562800100
9569901309
9571200401
9576902107
9595301202
9599800102
9607738026
9623100606
9625357029
9628800902
9629000301
9643300201
9650601809
9688601104
9729101209
9734500206
9734700801
9744001708
9798301603
9800044007
9802601502
9815801708
9819500802
9822001604
9853400508
9864665000
9865927018
9880001005
9890433001
9902401708
9907901105
9916863010
