PremiseId
0004003025
0012050047
0015133301
0018800709
0020805029
0023100109
0026401803
0027900200
0028500104
0031400109
0031400207
0031801300
0036439040
0037095051
0037163045
0041001548
0041076064
0042092053
0047201106
0052091022
0052633020
0054500306
0055801103
0057019084
0063043201
0063098135
0064328007
0066200900
0075500203
0076700307
0079571010
0081086053
0083102069
0083852000
0083858002
0084045018
0091143109
0092347049
0093135132
0093300707
0099300205
0100900205
0101008191
0101102101
0101600607
0102370016
0102900309
0103000100
0103059114
0103096144
0104001900
0104108063
0111601204
0118124011
0120402000
0120800204
0123023218
0123112158
0125164007
0131200207
0133800305
0133800403
0133800706
0133801019
0133801518
0133801616
0133997001
0134400708
0134600403
0135043168
0135091235
0135101208
0135612038
0135653020
0135653039
0135701300
0135900201
0142551013
0147201505
0150301205
0153156079
0153922000
0157600707
0159158102
0160628035
0163182009
0164033032
0166800403
0168109046
0171017280
0173185012
0174042105
0176000302
0180800208
0183058282
0185028200
0187084064
0192001576
0192072138
0192363018
0193381010
0194001000
0195520015
0202416019
0203035107
0205016020
0205737015
0206501506
0207401809
0211500204
0212701502
0212934006
0214801400
0214901702
0218700403
0219017339
0219116266
0221801600
0222672013
0226501700
0226700807
0226801208
0230401106
0231601709
0232801000
0234037033
0235125041
0239087024
0241157059
0242120001
0247900400
0250553041
0252501706
0252501804
0252700304
0253401705
0255136219
0256800803
0256901302
0259601309
0260600807
0261701206
0264152043
0265884008
0266600608
0266695014
0266800107
0266801008
0267002077
0267134083
0267700106
0267900603
0269301604
0272100807
0272900603
0273055217
0273502015
0275400709
0279972011
0283006208
0289901606
0290177089
0294602029
0304143057
0305600301
0305600409
0306833009
0306900707
0308666015
0310871008
0311400105
0311601004
0313000908
0315118088
0315500506
0316733007
0319500900
0320101509
0321001508
0323096144
0323616002
0324101501
0324156112
0324601203
0325231016
0327015074
0331162068
0336140017
0337700606
0338300403
0338900309
0339001706
0339800406
0340500407
0342480022
0343568016
0344000903
0344701200
0345901401
0346701303
0347600802
0350491039
0351028049
0351138111
0355701304
0356100504
0359141021
0359427035
0359701805
0360119080
0360202200
0360202308
0360401307
0361400100
0363100172
0363124163
0369000704
0369050073
0369061101
0373046096
0373389023
0373400105
0381081072
0381144181
0387031147
0388501101
0399105134
0403900702
0406800804
0414090038
0414300108
0415000509
0416100301
0417295008
0417401500
0418001806
0418301304
0421701607
0421782005
0423081234
0423691025
0426145128
0426401404
0427123073
0428105060
0435025095
0438084023
0445001006
0447000806
0447001100
0447008059
0447200608
0447201108
0447207016
0448306036
0448701600
0448901022
0449617001
0451001576
0451008094
0451030112
0453788102
0454400700
0462001145
0463991022
0464100105
0467054066
0467601406
0468024124
0469301806
0473400309
0474043046
0474700803
0476142033
0476600408
0478027020
0479001011
0479169107
0479200905
0481001109
0481701503
0481705006
0482600807
0483002006
0483130178
0484800605
0487000606
0488600902
0491100901
0492000205
0496160019
0503500106
0505607009
0507118327
0507120229
0510264016
0512301509
0513219031
0514401201
0519264030
0524100204
0524601002
0525006197
0527401301
0529601207
0530162059
0531110193
0534900802
0536200305
0537400800
0538053011
0538891011
0541401106
0541800700
0544000800
0547138054
0558084021
0561000305
0562100909
0563001105
0564101101
0565900502
0566301202
0566900207
0568110047
0568193019
0570300303
0574100209
0575162122
0575201302
0578750008
0578801006
0580700905
0580800600
0582056004
0582801801
0583200502
0585301603
0585701306
0587201405
0591115061
0595008085
0597055046
0597093117
0603004075
0606010100
0611140099
0614269037
0619200906
0620101209
0624498031
0625600204
0625900407
0628001720
0628800607
0628892017
0629937015
0632802012
0633001007
0633413117
0634201904
0636478012
0636601406
0637801108
0638300406
0638400307
0639019088
0646900608
0647640006
0651500504
0651600308
0654301705
0656200118
0658500705
0659100903
0659400303
0663012084
0663501009
0673037084
0673600302
0673900906
0673910006
0675088105
0675501502
0678784015
0679032047
0681032039
0681301003
0682442020
0683855012
0687148161
0690200907
0696125149
0696171043
0701001002
0701001208
0702200303
0708007050
0709200709
0713150013
0713201407
0715098043
0717027079
0717099093
0719039022
0719134022
0723158165
0725400909
0725700504
0726601209
0727100702
0728500804
0729801808
0731040065
0731124020
0735104015
0737701802
0738099020
0738129078
0746511008
0753300305
0754202204
0756300807
0757501802
0758301107
0758301401
0758301802
0758401516
0758500909
0758501301
0758514019
0759135110
0760210017
0762200904
0762800702
0763801905
0764300909
0765600100
0766600206
0767074019
0767146029
0770090027
0772701603
0774729029
0774801403
0777288114
0785015027
0786001018
0788732016
0789700706
0790001504
0791827006
0793501200
0793701707
0802501600
0802755059
0805308016
0807094097
0807900900
0813072052
0818500108
0820101508
0826901302
0827401207
0828017054
0829392001
0832501000
0833129025
0833600507
0835019040
0836900703
0837001807
0838801503
0838901209
0840647010
0840900206
0840901704
0841093007
0842417010
0846001201
0846569015
0847680013
0849901108
0851101308
0855004045
0855801712
0856206061
0864300809
0867070148
0869101202
0871901601
0874253013
0876500703
0879300601
0880001503
0881200403
0881500801
0882100509
0883001008
0889500804
0889800801
0891110115
0891168120
0891605057
0892644012
0895400107
0896400301
0897900705
0898201709
0900000500
0904501203
0910401201
0915600209
0917900809
0928006044
0928801110
0929800707
0931128022
0932524037
0934100704
0934900109
0934901607
0935600500
0937201901
0938285020
0938300703
0939000303
0942300803
0942700603
0942900601
0943900404
0944700707
0946501507
0947601513
0956000101
0961100707
0961600105
0964800704
0965201500
0965901102
0966009049
0967501102
0967716070
0968301406
0968701108
0968826002
0969007109
0969102092
0969601125
0970121030
0973101202
0973141061
0973300309
0975028105
0975094047
0983171035
0983501001
0987979000
0990401506
0992701304
0992865013
1010601010
1011000505
1011101905
1011102003
1011149260
1011900301
1012366032
1014085012
1015400806
1015595026
1015600706
1017115035
1017501604
1018703020
1022801200
1027030030
1030172010
1031842002
1035000808
1035068066
1036000502
1038101409
1038594045
1039300601
1041500106
1045301705
1050101903
1054901104
1059077165
1065926008
1067901106
1068032021
1068048010
1068096025
1068100700
1068101102
1068114028
1068200807
1069790013
1070446008
1070505002
1071149053
1071800609
1072701509
1073034019
1073900409
1073900702
1074458004
1075141044
1084316031
1093201305
1093501909
1093600400
1098244039
1098941015
1099800502
1101048025
1104600307
1107057162
1109801303
1111430035
1112300802
1122500104
1124800303
1129500902
1135788092
1137001703
1146101302
1148201209
1149137021
1151601405
1153601401
1155600700
1156201202
1157251003
1157741002
1158587002
1158587011
1161043019
1164001306
1164771065
1174200402
1178778018
1183813015
1186001808
1187811008
1189901108
1191300708
1191545035
1193590029
1202212012
1202900805
1202901001
1204321014
1206001706
1206300508
1207000509
1207800903
1213164063
1215035136
1224827008
1227800108
1238500901
1239301107
1242001006
1243001503
1243077108
1247835017
1248900808
1251801508
1251900401
1251900508
1253084008
1256001006
1256800900
1257701203
1257902004
1258101804
1260400602
1263115234
1266901505
1270601403
1271401169
1272167013
1274601600
1275401609
1277101051
1278201703
1278301702
1279101409
1280180011
1290967011
1291000709
1291300902
1292401310
1298053041
1300400303
1308171067
1319170030
1320200606
1321027008
1324600105
1326157029
1328400607
1329019035
1332301903
1333135024
1333701603
1337101101
1339715017
1343117038
1344501602
1344942008
1351000701
1353062111
1356199026
1358700308
1359700609
1363034094
1364100703
1364401200
1364401308
1364401709
1370000202
1372101206
1376723019
1377137106
1377401603
1377401809
1377601709
1377656044
1378595004
1378600209
1378600600
1378820020
1379336063
1382201703
1382701708
1384300807
1384301307
1384800606
1385501204
1389900702
1391301008
1392429025
1393089098
1395637029
1396498053
1402501500
1403153070
1403801006
1404500909
1405901206
1407082045
1407138079
1407500403
1409601602
1411900107
1411901017
1412527015
1413048095
1413139082
1414800601
1417079005
1417900809
1419401104
1419900903
1420100605
1423462025
1423462034
1425016021
1427089068
1428632009
1433200509
1439201408
1442801406
1445871028
1447700602
1447985016
1448201301
1453024051
1456000405
1457001108
1457284026
1458901606
1459158083
1459601705
1462978008
1463600209
1467271022
1468115050
1468115069
1468201808
1468405077
1469195007
1473154069
1474828004
1476996041
1484800506
1486263004
1486794013
1487501306
1492002006
1492801009
1499068031
1499092073
1499401507
1500100105
1501067019
1501601401
1503170037
1504001802
1505300308
1506101209
1506400804
1507019026
1508401104
1512401507
1513001108
1513100108
1513136029
1514501708
1515140129
1515861034
1515900203
1516801210
1532901500
1539052055
1539700802
1548001104
1551501504
1552600600
1553600500
1554801202
1554900104
1555007032
1555101509
1556100606
1556719004
1561400809
1561901402
1563501705
1567600305
1572301209
1573700909
1575062011
1578023034
1580200106
1580200703
1581000204
1583579052
1583801407
1585154044
1587101502
1587800105
1588501203
1590552016
1592000201
1592447036
1600702203
1600802104
1602601700
1605141045
1605201404
1607000706
1609601901
1610802005
1615400803
1623012207
1628101808
1629601801
1629700400
1629800409
1630435014
1630700809
1630901209
1631670017
1632200105
1635015049
1635041094
1647023033
1647090034
1647801008
1648301305
1650201400
1650893012
1650893021
1654001805
1654102108
1660522011
1665217015
1665800207
1666426009
1667043068
1668200207
1669093048
1669200606
1674901001
1681692009
1682101306
1684300800
1686159054
1686223013
1686901309
1686901602
1687600506
1687700202
1688001607
1688300703
1688400800
1688500202
1689101007
1692601300
1693800209
1693800405
1693800502
1703001203
1704463017
1705101207
1711000902
1711591053
1712099012
1712500905
1713000604
1715501104
1716900109
1718100309
1718700900
1719019101
1719401303
1719726058
1721538004
1723501705
1724400607
1728901407
1730461052
1730901001
1731162129
1731301201
1731700707
1732827012
1733855029
1745501708
1757101501
1757701300
1762801808
1764741005
1766200806
1767959018
1769800109
1770037030
1771601008
1773100402
1775094062
1776587039
1776770025
1777300205
1777301400
1777600300
1777909011
1777927019
1780160028
1781678038
1784101505
1784300906
1784900704
1785054061
1789800704
1798201700
1803100906
1803201101
1803901408
1803901603
1804900407
1805100402
1806218030
1807901409
1808100308
1809101305
1810501808
1811200301
1811301504
1811400700
1811701608
1811873016
1812563019
1813219029
1813320027
1814795055
1815060051
1817701801
1821901909
1827020076
1829078025
1831089001
1831900204
1833041189
1833168032
1840502109
1846401803
1851046217
1857569022
1862901208
1862901306
1864200505
1864401101
1864601305
1865082105
1865101502
1866500703
1866900200
1868101007
1868400103
1868400906
1870501704
1870600205
1870600606
1870800800
1872401809
1876600809
1878500904
1878986014
1883200809
1885800407
1889700106
1893081145
1893401707
1896601600
1896602119
1897300103
1897500307
1897500600
1897501501
1897601902
1901500101
1901678029
1902001005
1902048016
1905072005
1906300200
1908601408
1910500709
1919494019
1919800208
1920001800
1920037011
1923156157
1931027012
1933160038
1939101729
1939700305
1939800509
1940601401
1941401802
1942500702
1943500407
1947300605
1957300908
1963501306
1965300705
1966033000
1967689104
1967800403
1967860001
1976875001
1980603059
1991157040
1994266000
1995602002
1995709004
1996401209
1996401502
1997500109
1997910005
2000107006
2000301308
2001260011
2003059070
2003201704
2003300802
2003576030
2010201102
2022500105
2023700209
2024701304
2026900807
2027057103
2027082026
2027500907
2030602034
2038100800
2038801107
2038900802
2039401305
2040900201
2041201606
2044800703
2045301107
2049301207
2050000502
2051000207
2058001407
2058201405
2062501404
2063143011
2066951015
2067200906
2067400307
2068004046
2072300905
2076704028
2078262041
2078300902
2080069005
2080104027
2080104036
2083600909
2084434008
2084552038
2087278002
2087361011
2088057007
2089100304
2089534012
2093120035
2104302600
2107125013
2109156098
2112012023
2113100204
2113437006
2119600607
2119601802
2120801309
2121400507
2122088002
2122601708
2124701918
2127011074
2131800600
2133701107
2134800203
2138001103
2142102112
2149901600
2152109041
2152600902
2165502306
2166101201
2167400207
2167800604
2172400608
2173601809
2173900200
2175090027
2176301208
2176500305
2179700600
2180306005
2180400905
2181050020
2181500207
2182301705
2185401002
2186600107
2187201206
2192700408
2193090089
2199101104
2199320059
2201930003
2202821012
2203278033
2204098155
2204100103
2206100705
2206701101
2206801805
2206900306
2207000606
2207602109
2208600706
2211100705
2219602202
2219701603
2220101705
2221444035
2223169099
2228401402
2228801603
2229800906
2248600702
2249302202
2252801006
2253160040
2253578006
2256682007
2262170009
2262877003
2273000500
2273200508
2276000601
2277300508
2281401508
2282090020
2285321013
2285451016
2288101203
2292501700
2297778004
2298127190
2301001483
2301801109
2305900306
2305900501
2305902000
2306001605
2306438088
2306786016
2307862015
2308535017
2312701401
2313014212
2317500706
2319131025
2322800400
2322901006
2324801806
2325101105
2326400307
2328700505
2331789025
2332200708
2334300106
2334500907
2335100301
2335300602
2335901302
2336862010
2337101404
2339101507
2341401109
2349058020
2349201300
2355600206
2356900201
2359001506
2366000502
2366000600
2368200105
2369155075
2371000209
2373033082
2376100902
2376763041
2377825013
2383643018
2385520054
2386139011
2386501005
2386701003
2388400904
2388601000
2389801907
2391701405
2392600209
2395201606
2396796019
2398000603
2398600803
2398700508
2401000605
2406116061
2428600309
2430297002
2430601402
2431101502
2431500108
2431501900
2431800604
2431967021
2432398002
2433069091
2433117083
2437801209
2441300207
2442301605
2443101302
2444201513
2444201719
2444300201
2444601001
2444700207
2450600900
2451600702
2459400306
2464500109
2475000707
2475400909
2477201103
2480900209
2482400709
2484401107
2486001204
2489101403
2490301506
2490400800
2490801609
2492621013
2493701506
2494600506
2495101302
2496000909
2499087046
2509300700
2512601407
2512902109
2514084007
2515000103
2516042007
2520006000
2520502106
2520596009
2530176162
2530301607
2538600706
2538901604
2539100601
2539702015
2540201803
2548201021
2558001200
2558700204
2558701800
2559300108
2562200407
2562901203
2566131013
2566290035
2571647055
2571647064
2576700509
2577140153
2578600800
2578648005
2582400804
2582400902
2582409007
2582500304
2582600303
2582817018
2599401406
2602300703
2606301605
2613114099
2613300103
2615301036
2615301232
2615400508
2615500302
2615602010
2616800806
2617114004
2618069026
2621012237
2621397048
2621900306
2622080015
2622188016
2622229021
2625101509
2627043021
2631101106
2634501703
2637401609
2641001703
2641500709
2642501500
2643029129
2643054113
2643100406
2643101600
2643601703
2644112196
2645301300
2646124041
2647100700
2648600106
2648601409
2652801105
2653201001
2658001707
2658334020
2658601505
2659027033
2662614004
2667057027
2672900201
2686590010
2689429009
2689742007
2690700900
2690701204
2691101306
2691801309
2695568026
2695901504
2699600109
2699800303
2699900909
2700901806
2703366065
2704201404
2704446017
2706359062
2706689010
2708668028
2712901703
2713095037
2714001806
2717200407
2720301604
2720600808
2722601402
2724301303
2726001702
2726401717
2730147049
2732300101
2732400208
2732500500
2733126088
2735500308
2735900901
2737301608
2739001304
2739500701
2739539052
2741000506
2741600305
2743502104
2746000701
2748142003
2748148014
2750401405
2750700500
2751185003
2752700506
2753322004
2753400106
2753601504
2775094090
2778800608
2785301206
2791256018
2791801708
2793000204
2793032061
2793300407
2794900409
2795700603
2800077063
2803801505
2804900601
2804900807
2808301402
2817101056
2818000101
2818166104
2818700809
2819400702
2824100206
2824965006
2825900900
2826601303
2828347004
2829901607
2829901705
2830200809
2830391021
2838600602
2839800109
2841658000
2842093003
2842779008
2848301907
2848434008
2849701509
2851000016
2851058030
2853137089
2867401407
2880075027
2885700103
2891801001
2891801109
2891914008
2892100203
2892100409
2892257084
2893721010
2896100801
2903457001
2908500301
2908801405
2911386039
2912744008
2922700104
2922701005
2924700805
2924701001
2924900304
2925000202
2925004013
2925300405
2925601401
2926000406
2926200707
2926201001
2926201109
2926600605
2927271003
2930800400
2931300608
2931432005
2931600302
2941200403
2948500502
2948601010
2949634013
2950801407
2954940019
2954993001
2956401373
2958064029
2960430051
2964501802
2967159077
2978370019
2982300200
2987065003
2995213031
2995701001
2996187021
2998819008
2998889000
3000100809
3001100905
3004101203
3004959025
3007001001
3007100500
3008100802
3008690009
3009300602
3010201307
3011800701
3011801700
3013847001
3015629010
3019003012
3020401304
3020801300
3021307016
3022101401
3022601503
3024901203
3027027080
3032001009
3033601010
3036900707
3040012014
3041357192
3041900306
3042201202
3042579049
3042600101
3043162057
3044100102
3046702109
3048401001
3048824070
3048900506
3049800701
3050300900
3050301507
3054042020
3054042039
3055701904
3060401505
3061501209
3062100300
3062141069
3062600500
3063100102
3063417026
3063701800
3076201004
3084446009
3091200807
3100000808
3100201501
3100400207
3100702104
3100900104
3101900807
3102300204
3102300801
3102401300
3102857002
3103601100
3105288009
3105800907
3107004029
3111020040
3111077021
3112100303
3118429041
3123059122
3126700600
3126701404
3127301601
3127608014
3130601309
3131101400
3131739013
3133300806
3135100304
3135200107
3135601709
3136701403
3138105140
3138401509
3139301900
3147959021
3148000200
3148300804
3149501701
3149701406
3157978001
3163163089
3176800908
3179100909
3182101305
3184887002
3184893000
3186801005
3187800406
3191001502
3201200606
3201200704
3201501103
3201961009
3208100103
3212265018
3217801703
3220779085
3221100106
3234100305
3234201116
3235701608
3235846002
3236849007
3238000708
3241001603
3243136168
3250401003
3250401101
3252051007
3258004039
3261500402
3263600602
3264374006
3267143110
3268000206
3269100301
3270700303
3272100305
3274500405
3275001004
3275645016
3294100201
3294200807
3297147064
3297147073
3297900607
3303165052
3303500108
3304032052
3304587025
3306001301
3308188019
3308500704
3309701503
3312201003
3313400304
3314201606
3316700509
3316701205
3318000405
3318439014
3319600808
3320400504
3320801705
3321315014
3321817004
3322400305
3323224007
3324000500
3325701108
3326600803
3327030074
3329600200
3330200809
3331100309
3332870017
3341439006
3349400601
3350501803
3351001708
3351058013
3351501507
3353700209
3354600805
3355100406
3357000207
3358301103
3360388015
3361700809
3363100801
3363700100
3364823015
3365154019
3367301505
3368301200
3369500804
3372000206
3372798012
3373501100
3375601907
3392601528
3396323035
3403124231
3403701452
3405400503
3405401307
3409800609
3410100409
3411501233
3411601508
3412200609
3412701006
3412900700
3414000108
3416602007
3417300803
3417601006
3418000500
3418800502
3419200908
3419300202
3420701303
3421501606
3423901001
3438100400
3439917015
3440400500
3442101606
3442700102
3442800307
3442832003
3444300406
3444301600
3444918006
3445012058
3447501308
3448801107
3448851002
3457301407
3457700100
3466100606
3466500407
3466555003
3466555012
3486157147
3486200300
3487188020
3487301208
3493201109
3493300804
3494265023
3500400903
3502412029
3510502008
3510601204
3511629005
3512301800
3513467012
3515032008
3522938006
3524700900
3525700809
3527201104
3530401703
3538101709
3540101803
3543401608
3543401706
3543601401
3543602008
3543607015
3546045017
3546841000
3548601400
3550300400
3550312021
3550666033
3551000900
3551201104
3554601104
3556801349
3559800102
3559900708
3568900503
3569000207
3570300202
3572401509
3573052126
3573300509
3576000603
3576301609
3579102301
3580129043
3580201309
3581500109
3581501206
3584200703
3586951012
3596400304
3596457012
3599100105
3601075024
3602700904
3603007079
3603040056
3603499031
3603501609
3610000502
3612801108
3613934010
3619086031
3619137024
3621301603
3621600807
3623001309
3625401006
3627292016
3627657035
3628301706
3629800103
3630501602
3632574025
3634353015
3635000607
3635100107
3636101006
3637700107
3639102090
3640900403
3649101303
3650301103
3650870039
3651600207
3658163059
3658701647
3659279001
3660400905
3660601500
3662201001
3662619064
3663300401
3663701004
3667001501
3667384075
3668701502
3669000606
3669963001
3672400303
3672601001
3673049005
3673875014
3673982005
3674165026
3675247027
3677502021
3680701605
3681200707
3681500303
3682900209
3686300206
3691701005
3693039069
3693119115
3699001559
3702900704
3711001302
3714701309
3714801004
3721839035
3722301609
3722382026
3723571161
3724108019
3724501104
3724800807
3725141009
3726300308
3727000103
3727903007
3728003015
3730883005
3731000301
3733300206
3746100200
3747100208
3747500605
3747519010
3752600604
3754301808
3758001401
3758201702
3762930006
3765073071
3765891015
3768370004
3776400605
3792033029
3793701704
3795500908
3795800308
3795801405
3796512049
3797501707
3798100808
3800496023
3809701405
3811129051
3813601809
3815100301
3819900706
3819900804
3820101809
3820300407
3820501501
3820556020
3822633011
3822900700
3823519010
3826702505
3830982005
3831514047
3835801604
3836501605
3839458000
3848700903
3852726001
3852800209
3852800307
3852901403
3853009090
3853202103
3853466004
3854600403
3856159015
3859601009
3859648028
3860100806
3860300207
3861701200
3864901603
3867400103
3867700707
3869401117
3870352045
3871500408
3873029123
3875501809
3879401303
3881800306
3886934008
3887701107
3897181022
3902301000
3903003086
3903700407
3905362006
3906300404
3908000500
3908500408
3908500809
3908500907
3910401609
3911413005
3912001404
3912304069
3912900308
3912900503
3915300502
3918144030
3925201306
3927428003
3930700302
3930901201
3933781011
3934301600
3935300403
3936101509
3937000509
3937200605
3937701707
3937900804
3938500708
3940400304
3941400302
3941402006
3941500604
3941907001
3942000803
3942132008
3942675008
3943691015
3944400707
3945600105
3947201006
3948601803
3949901602
3950200902
3950701700
3960801307
3962002056
3963501108
3969101109
3969101500
3970200107
3970300605
3973700106
3974036071
3974222013
3974647047
3976101603
3976500127
3977301903
3978301206
3979100902
3979521011
3980401309
3981153050
3983501400
3984955010
3988000101
3989700102
3989701003
3990201809
3991100202
3991100408
3991101005
3992200708
3992800800
3992900408
4004901703
4007100705
4008400309
4011761018
4013101604
4013200105
4014146004
4021900101
4022800208
4024101601
4028700108
4029001807
4032385009
4032801509
4032801705
4036700904
4037200701
4041205069
4041501102
4041659012
4045991002
4055400408
4055600807
4056301709
4056357016
4059000501
4059701601
4060601003
4063301000
4063700105
4064001001
4067400207
4071801507
4075979023
4076000408
4077537050
4084601806
4085001701
4085100104
4085700803
4091432007
4091901407
4100081010
4105003007
4105600908
4108400209
4109101405
4109107024
4111444005
4115835002
4119100101
4119162064
4124271016
4124300305
4125400604
4126030157
4127027038
4129200109
4129200804
4129200902
4129201000
4130101606
4130800806
4130801011
4140368069
4141577017
4146200906
4147106076
4148701808
4148702004
4149100206
4151388013
4162100502
4162101100
4162201706
4162901406
4163000100
4163900600
4168300801
4168901001
4168943015
4169401102
4178501601
4178701404
4180700107
4181300403
4189400904
4192642009
4193700609
4195493017
4196101108
4196200803
4197001508
4201201506
4203501000
4204301509
4214723032
4215600308
4216856007
4220722041
4225100106
4225101702
4231607019
4234047006
4235800509
4236738055
4239694032
4240000400
4240400601
4243601309
4244200801
4247541022
4248200900
4249401200
4249471050
4250900605
4251220054
4251438065
4253087084
4253700905
4254900108
4259200701
4262301106
4266300108
4270101307
4270800105
4270800604
4270901309
4270965014
4271012003
4274300200
4275030007
4277301701
4278401708
4279800909
4279901202
4280400402
4283600501
4288000604
4288368010
4289601909
4290847008
4292517021
4296597016
4298501206
4299051026
4300400408
4300400603
4301400503
4301501002
4306901409
4316701302
4316755016
4323141120
4327500302
4330000409
4332001903
4332700603
4337601309
4339500101
4340300502
4340600803
4340600901
4340601009
4342301507
4342900502
4343179013
4345001807
4345600401
4345601106
4345601507
4350500304
4351600800
4351701201
4364135002
4364700508
4365711024
4370800504
4371768048
4372901009
4372901401
4373201004
4373300905
4376902009
4379900407
4381036008
4381186021
4384023049
4384023058
4385000109
4385000305
4385284037
4385300507
4385300703
4385301702
4386701804
4387073050
4392094089
4392947003
4395000803
4400700109
4402242017
4403021058
4412565009
4412601408
4414101604
4416501507
4421001708
4434700705
4435901503
4436110006
4436200108
4436200206
4438501002
4438501100
4439000505
4439501803
4448104018
4454498030
4466301700
4468100308
4471400700
4471400808
4471801108
4471826001
4471896003
4472301316
4472400600
4474335007
4475044014
4477701204
4483001101
4483401401
4486100300
4492205066
4497747032
4498200108
4503000704
4503301906
4503901508
4506167062
4507068059
4508701803
4513601608
4514936035
4515401008
4522300603
4527000703
4527101408
4529201109
4530129003
4533701507
4533901202
4539301107
4540501504
4541870011
4542165028
4542466020
4544047023
4546000801
4547900105
4549800601
4550601708
4552144022
4552801105
4553327025
4555601707
4557100084
4558301704
4559742035
4560409023
4560739035
4561182058
4562279023
4562600704
4564441036
4567982007
4568500604
4568800709
4568844024
4569901000
4571601205
4575501500
4580101201
4580201102
4580259001
4580661010
4581476097
4586061041
4587901805
4588345059
4592901609
4593901304
4594001409
4594400905
4594701705
4595800604
4595818021
4597000804
4597300400
4597401408
4599040047
4599100809
4599500208
4599801302
4600000904
4601077047
4603600804
4605601808
4608502007
4609700203
4612901008
4630801001
4638800504
4644546078
4647001254
4649300105
4651300307
4652225097
4652701505
4652969003
4654286016
4655202003
4655300102
4655800107
4655801008
4656800800
4659700609
4659900206
4663400702
4674000204
4674100115
4674136026
4674200202
4677027033
4678127014
4678301309
4682200802
4682800806
4682906005
4683109082
4683988010
4685900906
4703201609
4710024074
4717514008
4724101508
4728398038
4731461095
4734900500
4742000904
4743062039
4747800200
4747800308
4748702608
4759414110
4762900903
4763094046
4764401404
4766197017
4767601307
4767601904
4780700104
4780700202
4781100705
4781201008
4781659018
4782579028
4783353000
4786101507
4786993015
4787500806
4787501002
4787501100
4788001005
4794500802
4797101041
4799900601
4803077156
4803091067
4807015107
4807401401
4808801405
4811101406
4811500109
4811901408
4817300402
4817901904
4825394021
4831501507
4833400603
4835145012
4835401206
4836300108
4838500406
4840701506
4843001008
4845060035
4845401802
4846302007
4849800703
4851147043
4851600104
4852622027
4855300304
4859397027
4859400500
4861601503
4862701706
4862901107
4864400207
4864400305
4867812006
4869000406
4869405009
4869977000
4871995009
4873401706
4873801007
4876229019
4879163054
4885100508
4888100307
4890500103
4904400808
4906501801
4906986029
4907623012
4907800807
4911200903
4911500900
4914300906
4915400207
4917401300
4918901704
4923160109
4932400809
4934401902
4935001805
4935101804
4936201008
4940746005
4940802003
4948001808
4949524005
4951501102
4956501502
4956601609
4958801621
4963601400
4967401001
4967611136
4967702114
4969300802
4978301900
4982600900
4983201108
4983201206
4983500110
4983600506
4983630097
4983701700
4983900200
4984202105
4986900506
4987100502
4987560023
4989301202
4989324043
4992175018
4995251015
5003700707
5003800804
5003801705
5004094012
5004100104
5005000406
5012501102
5012901509
5021093000
5022892025
5028103045
5029501507
5032695029
5032700305
5032901204
5038057005
5046901008
5057001308
5057001406
5057979008
5060101203
5061301209
5061400600
5068673035
5072197011
5072200100
5072200306
5073011083
5073700602
5077933008
5079101604
5085024081
5086054038
5086144055
5086501909
5088658043
5089901008
5089901204
5089901302
5090300806
5090405016
5091501035
5092388045
5092512014
5092901306
5093303073
5094324067
5095150034
5096401605
5103200906
5106701404
5109101903
5109417008
5114014000
5116300505
5116700707
5117023001
5119501908
5120000403
5120201204
5120511001
5121200409
5121568004
5121981007
5123501205
5123900104
5124101109
5125300506
5125801804
5132600402
5132900604
5134300508
5140085039
5142500901
5142601801
5151500608
5152901406
5158901403
5160601206
5161100102
5163120022
5164057082
5164501682
5167601103
5172001403
5172701503
5174601458
5175400500
5175401304
5177963017
5178401503
5179101504
5179200700
5179450040
5179601304
5180801017
5180825017
5181858001
5184201406
5184302100
5185800505
5187001508
5189373014
5196800708
5197301407
5200400908
5205200507
5206349005
5206801401
5210300203
5213000102
5215067016
5215801206
5215901009
5216109004
5216295005
5216501608
5218900102
5221301806
5221907012
5223039133
5223073046
5223092050
5223901405
5225800402
5229200703
5229900305
5233100109
5236523037
5239500905
5243701405
5244401200
5247053019
5250010019
5260300208
5261201607
5267035026
5269690052
5273800402
5273800607
5274201307
5274275003
5274452000
5274600803
5276600700
5292500600
5292748009
5292801009
5297401208
5298900408
5301000203
5301001104
5301265051
5301436041
5304500104
5312800202
5312801407
5313831029
5314200703
5314502101
5314701609
5314800306
5319132070
5321800409
5322101207
5322595027
5328500906
5341901600
5343000802
5343901401
5346096021
5346600809
5346900307
5347034034
5349984000
5353454006
5355901307
5358172018
5361081008
5361583016
5366201506
5366300702
5366694032
5367601608
5372800108
5373995008
5378692011
5382902408
5387205026
5395900206
5397101708
5399200401
5399200508
5399200606
5399301800
5399601905
5399801609
5400855017
5402566022
5404400700
5406501400
5407900806
5411400607
5412329102
5415001503
5415601605
5417300703
5418201202
5423800109
5425501008
5426000100
5428048109
5428200701
5429482034
5429701703
5431695087
5432201702
5439200101
5439800506
5442000205
5442001801
5443501706
5451900902
5452100604
5453528003
5457001104
5457800107
5459065014
5459160005
5459300108
5459983008
5460701600
5460901706
5461600101
5470301417
5473800907
5474100109
5474284015
5475001204
5475700100
5477621047
5478301303
5479126107
5482400608
5484700905
5486200709
5487601301
5487853006
5488449042
5488500105
5488700103
5488701308
5490066099
5490095045
5494701002
5496600606
5496600802
5497840002
5512760007
5514402303
5515601737
5516000901
5516201800
5523201101
5523717003
5524201706
5525000305
5525300302
5525552000
5525640005
5527001006
5537000300
5539001706
5551600305
5554001402
5554700601
5559257023
5562001405
5564901509
5566244009
5569501708
5570001408
5570500805
5571500304
5573101508
5574246106
5576900906
5578578001
5579100908
5580101709
5580501000
5582950020
5583001205
5583001401
5583600308
5583708011
5584301200
5587000804
5588100507
5598882015
5601701501
5601998006
5603701008
5606053011
5606071000
5606700306
5610201204
5610308001
5612792001
5613212011
5613701301
5613755002
5620700101
5622102101
5622600304
5624002000
5631001408
5631400101
5631701704
5632400804
5637701514
5643009059
5651200405
5651901309
5653000608
5653200704
5655009032
5655552010
5664701803
5667400301
5669301209
5675500508
5675501605
5675501703
5676101206
5676401506
5677100401
5678000507
5679901006
5687300300
5688002007
5690700300
5692200908
5695401007
5707163009
5708401204
5708401302
5708401400
5708600702
5709001108
5709100509
5709600201
5709801208
5709901500
5711057005
5711807069
5714701600
5715297014
5716294017
5716955006
5735200503
5736200208
5740473031
5742533012
5744400503
5744901204
5745000808
5745301608
5745900202
5751400704
5753001400
5755100904
5756862008
5762601101
5762700806
5767000900
5768601206
5769200307
5770200500
5781901607
5784202000
5784270038
5786100507
5786100605
5786600600
5788801202
5791853001
5799320027
5801201101
5801769018
5802901102
5805801106
5806401402
5815300502
5823700502
5824600100
5825872003
5826401829
5829090043
5829601037
5832560045
5833500200
5834400502
5834785013
5837401309
5838702107
5841879020
5842865002
5844401500
5846700905
5846701101
5846807033
5846807042
5846901500
5847100703
5848494016
5849901407
5860800905
5862108026
5868489002
5871853007
5879701601
5880000108
5880700708
5881000106
5885401004
5886100907
5886600804
5888000502
5892185111
5892300306
5892800203
5895531099
5900701400
5911000101
5911000502
5911800808
5915801808
5916800102
5917401103
5918700207
5918801606
5922901901
5931201703
5931600201
5932100204
5933066119
5933901604
5940201704
5940250005
5940250014
5940775007
5940775016
5941701609
5953000201
5960400701
5961140022
5962101601
5964701200
5966400806
5966801507
5971801909
5976600705
5977500704
5978686024
5984701100
5984800100
5984800208
5984895002
5985485064
5991201100
5992401605
5997150021
5998900706
6004300708
6004601330
6004601633
6012600904
6012700903
6014301804
6014355050
6015848009
6017601902
6017602000
6017801205
6017900401
6018101601
6018301707
6018901408
6026500807
6030100304
6031545012
6033700400
6034100609
6041401405
6048100805
6048700104
6051401814
6051900106
6060901008
6062000308
6071400706
6071967010
6072200608
6073301105
6074060063
6076200903
6077701102
6079200907
6079400807
6081268015
6086700104
6087330065
6088133024
6089901301
6092304004
6092901902
6093300202
6095635015
6096196026
6099000300
6099900506
6100400801
6101900902
6102501100
6102901400
6106101604
6113200209
6113500705
6114080014
6115701609
6119400302
6120301408
6127558012
6128701602
6133901101
6134474012
6134509029
6143401702
6143601407
6143801003
6144012051
6146200904
6151401304
6153100304
6154000802
6156300706
6156959014
6160807032
6169301806
6169800205
6170101600
6171800602
6173701207
6185200902
6187501708
6188016002
6190200608
6191801404
6193253008
6194504013
6196000108
6196200204
6197200809
6197601902
6198152060
6200900109
6201500806
6202000701
6202601303
6202800605
6203902003
6205000508
6205601903
6215301406
6215701402
6219627046
6220200505
6225101005
6227900102
6228300605
6232200207
6240500305
6240500706
6240901006
6242393064
6242493096
6269601204
6269900408
6270067186
6270101804
6270801807
6272274009
6276100107
6277669008
6277674009
6290800307
6294000307
6294000405
6294400900
6298300207
6300200300
6305700705
6305701205
6306300100
6308101009
6309101409
6313501201
6313545001
6313802001
6318048016
6323600102
6326900102
6326900200
6327001000
6327001509
6327838000
6327900501
6328101301
6328300408
6329414008
6333700609
6333780033
6334101602
6336800503
6339300502
6341401007
6342900608
6343200701
6346802001
6346900208
6357863020
6357900205
6358689019
6364801309
6366911002
6370051019
6370601102
6373898023
6374665019
6381180003
6382401305
6382501402
6385401200
6386901409
6388601505
6392454005
6395900401
6397353012
6401901102
6405800908
6406000101
6406100805
6408300408
6410300609
6415301901
6415400607
6416100500
6416209013
6416400507
6417731050
6418301709
6421342043
6424100103
6424201619
6426900501
6435501603
6435600701
6441006048
6445301604
6447835007
6448200502
6450801609
6451400407
6451600806
6452300406
6453001807
6453222007
6454249039
6456401003
6460800404
6462239010
6462800703
6462801506
6464571011
6465200105
6465800403
6466400600
6467200307
6471042025
6474827039
6478001207
6485701205
6486300208
6494401068
6494800207
6498100606
6498101106
6499400709
6503601705
6504000103
6504300805
6504800604
6505701004
6505901404
6507200408
6507516025
6510700906
6510900101
6511500407
6513501402
6515220001
6516052016
6517401100
6525000206
6526250024
6528110005
6529400801
6529673001
6531116020
6537300404
6537600205
6538501800
6539400203
6541300905
6541400405
6548401800
6549601708
6549800609
6549801902
6550323009
6558001028
6558700102
6558801404
6559000802
6563700905
6565103000
6577301141
6578801304
6579201807
6579201905
6579401208
6580000602
6582017076
6584801507
6585400705
6595901209
6602201601
6603200405
6603200502
6603601400
6604247016
6605700600
6607800703
6610891039
6611801107
6614101000
6618301107
6631001407
6636100200
6636100308
6636501303
6637602005
6637962000
6637997012
6638400301
6642624044
6642900709
6642901101
6645202002
6647301605
6647601416
6656100100
6656100404
6657867006
6689100502
6692401003
6693114006
6694601105
6698400706
6698401108
6706544010
6710700500
6713600907
6714901509
6715501608
6716200405
6716901201
6717400704
6717601300
6719401503
6721700507
6725300708
6725406017
6726934010
6727395017
6741746043
6743159011
6745323064
6757801117
6759401000
6759701301
6761500907
6762401709
6763065038
6766401201
6767097018
6767400200
6768130067
6770800406
6772001105
6772181116
6774400206
6787201502
6788605001
6789549002
6802600506
6807301204
6808600709
6812400703
6812600408
6815900408
6816100404
6816312013
6817101508
6817900501
6819600109
6819600500
6819802016
6819924006
6828015083
6838000800
6838600207
6838600706
6838700509
6840686040
6844000309
6844500402
6847398098
6847500307
6847901507
6848401706
6850600202
6850700103
6858801603
6859401204
6860501808
6867802006
6868501507
6878201402
6888001403
6888301204
6888502005
6889522030
6891901603
6893101705
6894100508
6901643003
6905101208
6906200206
6910211037
6911401702
6912400300
6913101603
6913398013
6913701705
6914100602
6920090013
6921996014
6932201602
6941200506
6941901009
6945201604
6945202006
6945224006
6945300105
6945300203
6946669009
6947012004
6947313006
6948186003
6950116020
6951801303
6952494018
6957300609
6961001701
6962845009
6970300407
6970548000
6972801700
6973400106
6982601104
6988500906
6989400503
6995501009
6996800309
6997000403
7003801204
7004500705
7005200901
7005301400
7011001802
7016500200
7017501706
7017701802
7022800802
7022901301
7025679017
7028000709
7029201401
7030000402
7030101400
7031500708
7032301002
7033400304
7033401205
7033462008
7034341008
7034601009
7034800503
7035501307
7036135017
7036589006
7037901309
7038655012
7040601002
7041016029
7041101103
7041201807
7042401108
7042691035
7043501409
7043900807
7059037096
7063100304
7063300801
7066664012
7067360013
7067500203
7069001007
7071401250
7080101815
7081200706
7083076043
7083117030
7083501600
7083600101
7086701807
7097201006
7098700607
7109027024
7113800809
7115102202
7115634008
7116500501
7116501608
7117800506
7120401807
7121101504
7122400305
7122400500
7124579001
7124600407
7124801501
7125400102
7126500804
7126501000
7130001506
7132000308
7134683012
7147800601
7148800306
7150737104
7152166041
7152691012
7153192045
7153617001
7156700104
7158598010
7159200309
7159701606
7159808024
7168001105
7168001301
7168101104
7168101408
7177501600
7177771020
7189800505
7197201102
7197500609
7197502705
7199301704
7200301407
7202301207
7214301104
7216874017
7221600107
7222014009
7222610001
7222711003
7223131134
7223738008
7224701207
7233801902
7233975004
7236701103
7237801805
7241401400
7249601205
7251100706
7252401103
7254401822
7255101500
7255200706
7256100304
7256194061
7259700605
7263088014
7268800909
7274401606
7274500205
7278200904
7279701808
7280595027
7281102008
7281500200
7283700507
7284801807
7285770002
7285901402
7287102003
7288800505
7291100604
7291523000
7298901307
7304700903
7308790004
7309700207
7316800407
7316800700
7323500102
7325700105
7332873012
7333901605
7335800103
7345319027
7346700600
7348300209
7355401408
7355605012
7357553057
7369066005
7371900107
7372400100
7376101407
7376549019
7377800604
7377901309
7378501604
7379500300
7379900805
7380600806
7380700903
7383401605
7385100908
7389301603
7389500602
7390500502
7391177000
7394201506
7394305042
7408700500
7413801205
7423139045
7424800105
7425701503
7430301302
7430410046
7430701601
7431900403
7432400503
7433762001
7438901407
7439001306
7439201108
7439801308
7441000508
7441100605
7441701403
7442500404
7452100201
7457000201
7457000309
7457601400
7462301403
7462901504
7464501005
7464818001
7464818038
7465090007
7467161009
7468901501
7468901707
7469100802
7477200608
7478702002
7479101203
7479401102
7484458001
7486201403
7492901404
7497102008
7506400504
7506500601
7511300505
7521900107
7523301000
7523500704
7524501300
7530700805
7530701608
7531036037
7531500306
7531601206
7534501005
7535001409
7535200505
7541758004
7542383001
7542500401
7543062001
7547001208
7550298002
7560300209
7560301208
7563601209
7563601405
7563800404
7563801207
7564301807
7564401904
7564881006
7565094016
7565371018
7567700601
7568487004
7580100502
7581139056
7582500407
7583092074
7584100504
7590401106
7591400908
7593701802
7597089030
7597301264
7598900908
7599301607
7599701202
7599701809
7601901008
7609401104
7609800600
7616601401
7617159008
7618801708
7623501505
7623700700
7625000908
7625729014
7625900204
7625901800
7634108014
7634601306
7635064084
7635400404
7639600404
7640400404
7641701701
7641901406
7643000402
7643001508
7643054001
7646600301
7649292023
7649292032
7651300705
7653101604
7653186010
7654502027
7654600608
7660800104
7661001001
7661800200
7672878015
7673601402
7680485033
7680600701
7682300407
7682562024
7684400803
7688593005
7689484032
7689815000
7693800800
7695400300
7699900502
7701582002
7702701603
7703476016
7717001608
7729001006
7729684009
7734003025
7734900106
7734901007
7738753053
7739500804
7740501106
7741001706
7742001401
7743501805
7743601902
7744900203
7744901202
7746801002
7747001311
7748101005
7749301118
7750901405
7751800600
7755087058
7755300704
7762305025
7766101702
7766101800
7766201408
7766800500
7771540041
7771901303
7775100303
7775201506
7786400101
7788000405
7796200601
7797701408
7797800603
7806301107
7815501927
7815601604
7815963008
7817000607
7820530011
7822600601
7823622016
7832602403
7833700803
7836117015
7840200509
7842252025
7842718019
7843700401
7844500900
7846400103
7848101003
7851569024
7852201102
7852318058
7854100208
7855001900
7856201005
7867902004
7869401408
7870200203
7872800800
7872800908
7873000502
7873600908
7873701602
7874047012
7876800106
7878002000
7881098010
7884501200
7886100503
7887600506
7890301502
7890311008
7891700204
7892836008
7897693021
7901116020
7902656014
7902901206
7905101706
7905700408
7908100300
7913801507
7916600807
7917600208
7927133076
7933961004
7935885007
7941101300
7941800705
7943286018
7944501505
7947901309
7947901602
7950774005
7951936018
7952200904
7953000101
7953000708
7953323028
7954000109
7954701708
7955087007
7956700107
7957200008
7957801407
7961401706
7963668016
7966489008
7970001202
7970200201
7973813005
7974101506
7981601105
7982050025
7982965003
7983492054
7989000506
7989200201
7989200309
7989251066
7989601901
7989659062
7990401509
7993600307
7995400607
7998600306
7998801303
7999000202
7999372054
8000200901
8003400501
8007400904
8007801507
8007899003
8011001703
8011100106
8012006038
8016200408
8017600607
8020302076
8027157006
8027900907
8032200209
8038101509
8042700702
8043401007
8044000901
8044100508
8047501409
8048000207
8048700200
8049000508
8049700609
8052145005
8053600201
8054001507
8056401606
8061001600
8061228008
8061402106
8070900202
8075300804
8075601908
8075901102
8078157103
8079601303
8080100502
8080289067
8081700808
8084201405
8086200802
8087201809
8087300104
8095501300
8095900904
8105301906
8106202101
8107000103
8124701002
8124801706
8125400101
8129658008
8136900700
8141801103
8144200202
8149100300
8149601206
8152624030
8155557027
8156701102
8160000503
8160714016
8162426019
8163201005
8164200709
8165302106
8168600902
8168601108
8174500108
8176601502
8176900804
8177916011
8178600803
8179301108
8181901000
8181901705
8181901803
8182001203
8182101603
8182101701
8182200809
8182701509
8182801205
8182901703
8183103020
8183119028
8183200200
8183201316
8183300600
8183500403
8184801808
8185901403
8186001703
8187098020
8188390032
8188800702
8189201705
8190255020
8191701305
8192601803
8199472054
8200801303
8208500104
8210501500
8215068007
8215901202
8216000102
8217222009
8223101507
8224457003
8224917004
8225194014
8225201404
8225501606
8226701309
8228198014
8252428192
8253100603
8254382000
8256400809
8256890005
8260001001
8260501603
8260701709
8262100604
8263601349
8264301304
8266801000
8269601104
8271401219
8271459019
8271901704
8272000702
8272988037
8275342024
8275649028
8276528000
8282701703
8283400108
8290601306
8290800305
8298501603
8298627002
8300816002
8303058002
8303200507
8304401502
8312301203
8312601308
8313301103
8315964024
8316600104
8316601808
8316800807
8316838005
8317000509
8320400607
8321601602
8323401307
8326701708
8327600405
8336200703
8337100105
8351801304
8352701321
8353201404
8353201501
8357200200
8357801203
8357801409
8358600204
8358801309
8359200607
8362701008
8368700300
8371401306
8377301509
8384401700
8384401808
8384698040
8389235007
8390645028
8390701009
8392202009
8392640012
8393501407
8393801903
8394098007
8401201107
8404700205
8404800703
8414201011
8414500304
8417153030
8433801505
8438803044
8441924007
8442000408
8450097022
8450901900
8451283013
8458200901
8458901100
8462100209
8477785003
8478100508
8486201901
8487701600
8489100701
8491001707
8491100903
8491201402
8491900406
8492241011
8492601308
8492800600
8497292009
8507901300
8509900600
8510045028
8511101104
8511154017
8516100202
8521403018
8523400508
8523800808
8526500305
8527601409
8546800408
8550500207
8551200208
8555481008
8562300507
8562801306
8564301003
8565801808
8568701607
8568805003
8569619038
8569802015
8570900004
8571201303
8571800102
8573000106
8573538055
8574800204
8577201408
8577226038
8578101700
8578800107
8579101806
8580022026
8580601104
8580901307
8581940014
8582501307
8582600209
8583801801
8588484046
8588801908
8594102207
8597901409
8599800103
8606358078
8607201305
8607400803
8607401107
8607900906
8609600601
8609701609
8613201205
8614501406
8614600102
8615101602
8616200806
8616401509
8616500304
8617101207
8617300108
8617309036
8617400900
8617652041
8619000606
8621699025
8622100306
8625700802
8627500409
8635903014
8636600800
8637904000
8644501109
8645301304
8647200400
8657401004
8661000608
8661700503
8666800903
8667001604
8667401110
8668000202
8668200709
8668301510
8668800605
8669101208
8669201644
8669600204
8670901707
8671800805
8675300703
8678495011
8680600103
8685800100
8689701102
8693901406
8694100500
8695800902
8697601801
8698375010
8703231018
8713801109
8714041039
8714100301
8722801404
8723330003
8723330012
8723908010
8734701605
8740548036
8743000506
8743301904
8743601607
8747901801
8750101108
8757200906
8759900807
8760100509
8760147026
8762519066
8767302001
8768100502
8769505079
8770602100
8770608027
8776401903
8781007063
8782500509
8785701509
8787201314
8796900300
8800201306
8800400207
8800401402
8800701105
8801375000
8802501602
8803901606
8807501601
8807517002
8809600607
8809901104
8812126004
8814901505
8816501700
8829700203
8830738066
8831800609
8834500900
8836800305
8836800608
8837441011
8837600804
8839001707
8839200608
8841313048
8842600207
8843300805
8844600105
8844901600
8848601409
8851101202
8855900901
8861635009
8861800508
8865900704
8872000102
8875397012
8880566001
8882401605
8887765011
8888700101
8888851007
8890822007
8890901603
8891082016
8891602006
8891700800
8892800200
8894201005
8903300709
8908188016
8908801604
8915500104
8916301130
8916501708
8916800305
8918000103
8918200307
8918201609
8919201705
8919301009
8920800806
8922215010
8922301708
8924501301
8924501800
8926300700
8926794003
8928000709
8929400801
8930800805
8931400102
8936914026
8939500809
8953601700
8954602002
8955301520
8957201803
8964401004
8971500508
8973101703
8974101809
8975801603
8977101107
8977301702
8979400405
8980558001
8980700106
8981500703
8984100202
8987202006
8988800705
8989864000
8992001900
8998200201
9002701116
9006504024
9007100407
9012369040
9013466011
9014800709
9022901602
9025173021
9032300608
9032401107
9034408019
9048039013
9052700906
9057100509
9069201307
9075584056
9076500202
9076500408
9077301602
9077600209
9077690011
9078801204
9087400807
9096001703
9096048117
9109400408
9109500700
9109501709
9109700307
9109801706
9109902205
9110202004
9111001513
9111438048
9111800507
9111886008
9114100303
9115700901
9116201100
9119600307
9121264069
9122601701
9123019026
9124000303
9125401902
9135700400
9137300302
9138500308
9138901508
9139728009
9139876000
9140001004
9145501801
9152401504
9152700502
9153000302
9153700902
9156200802
9156600602
9165001706
9169401401
9171301104
9171601511
9178400109
9180111067
9181100703
9182600207
9185801804
9187500804
9188000503
9188700702
9188900407
9191001203
9192701240
9194100403
9194800503
9196201601
9198100805
9200800900
9200801703
9200863019
9201901103
9204101409
9206701104
9217379004
9219101602
9224600902
9225600400
9226200901
9227001606
9227400300
9229000408
9231258002
9232474019
9233500209
9235601300
9236901001
9237600708
9239401108
9239901504
9240000307
9247600609
9248100103
9249201706
9262900801
9268701300
9279201801
9279300204
9279400800
9279610033
9279828008
9280600904
9285201005
9285600404
9285801606
9286100906
9286801702
9287771018
9287900407
9289201702
9289400104
9290601706
9291000809
9292801504
9293200705
9293900405
9295802105
9304701704
9308643002
9312701609
9315901209
9315901600
9316200900
9316601406
9318500609
9319701105
9320763003
9321901001
9322687006
9323130006
9323800802
9324000407
9324200405
9332100301
9333226153
9334158010
9337457001
9343500705
9344100404
9344549032
9347000907
9361703012
9362301608
9363069111
9365928006
9367201804
9369098036
9369321012
9372762107
9373401506
9378301506
9378674044
9385600901
9385601205
9385832001
9389815042
9389951016
9390211014
9393801207
9396802019
9397268002
9400701906
9404000906
9415183022
9418500206
9418500304
9418500607
9418500803
9418601400
9418664015
9418718036
9419002207
9419201901
9419302023
9420100304
9420677031
9420960004
9421219006
9423800908
9424400401
9429723098
9431900303
9432800400
9435600101
9445801508
9446601009
9447200100
9452100502
9452442008
9454300702
9454601502
9455201601
9459700707
9460700705
9460986000
9463301105
9463600602
9471900602
9473655005
9477200401
9478100605
9480401705
9486855000
9487000108
9487901705
9490201207
9491646004
9492012002
9495000307
9495300304
9496400105
9497100909
9498544012
9499701506
9500100508
9500200400
9504600104
9507201404
9507815017
9509367149
9509901207
9511101504
9513601603
9516000104
9516000408
9516900203
9522826007
9532000600
9534775042
9540100103
9540201405
9540400100
9544101907
9544200104
9544200408
9544293011
9544300103
9544701402
9544919001
9547801501
9548536008
9549100104
9549601206
9553823018
9555601203
9556800200
9557001303
9557201702
9560000200
9565478005
9569901309
9570942003
9576902107
9584900700
9589717009
9594301107
9594301401
9595301202
9596601305
9596900107
9597500608
9597937015
9598001209
9599831052
9601901603
9603701308
9606906002
9607300803
9607479059
9609768013
9613900306
9621501507
9624001203
9624601403
9625357029
9627401006
9627517041
9627529014
9628801607
9629202003
9631312027
9641200901
9643300201
9650601809
9655358007
9661401808
9670400105
9670400409
9670664015
9671337035
9675300800
9675301104
9678501801
9683001003
9687300903
9687500206
9688501105
9694701405
9694900903
9695116010
9699064099
9705500108
9707125003
9709801703
9714295010
9714600804
9725000307
9727600806
9727601002
9727601501
9727790006
9729301001
9729696001
9730073005
9734101806
9734401402
9734500206
9738800703
9739601702
9741001107
9742501404
9743101503
9749101500
9750001402
9750001705
9753203056
9754500801
9756801615
9759501015
9763600204
9764201704
9764400605
9766475002
9768200207
9771981008
9773801200
9775300808
9781401804
9783301302
9786300805
9787056034
9787617019
9789600101
9798301603
9799100604
9803401600
9804133005
9806200704
9807501502
9807800305
9808401404
9813201308
9814700909
9815322009
9815800503
9815801708
9816400408
9816933006
9825348079
9827800107
9828600606
9833800203
9839300606
9840900804
9844901208
9845200506
9845301309
9846300503
9846901203
9849502022
9850100909
9850828008
9851800900
9853201803
9853400606
9854203007
9857701408
9858200509
9862000905
9863401506
9865801507
9866400500
9866553021
9867000806
9867300705
9880066025
9889401903
9898800901
9902401708
9903501607
9903544006
9905401408
9905901500
9906100302
9908201404
9911400602
9911901303
9911953028
9912300601
9912901203
9914975017
9915501807
9916401003
9916401502
9917201708
