PremiseId
0006060055
0012026158
0013100707
0015133301
0018800709
0023063112
0028500300
0030123070
0032000502
0036136099
0037095051
0037163045
0041001548
0041076064
0043137104
0047035076
0047053163
0047201106
0048144065
0052091022
0052633020
0054500306
0066200900
0067062079
0075119130
0075500203
0076700307
0080502201
0091100060
0095033088
0099300205
0101008191
0101102101
0101600607
0101801506
0102370016
0103029081
0103096144
0104108063
0113901109
0115001309
0123112158
0125164007
0129500805
0133166088
0133800305
0134600403
0135043168
0135091235
0135097111
0135701300
0135900201
0138462012
0140223007
0140700604
0140700702
0140901004
0142551013
0145801807
0150966000
0153156079
0153301600
0153922000
0157100604
0157600707
0158401403
0160073021
0161300203
0164045112
0165800708
0166601404
0166800403
0174133085
0175401103
0175601405
0176401003
0180264037
0180800208
0183002164
0183058282
0185028200
0188201108
0192001576
0192072138
0192363018
0194101107
0195520015
0201045178
0201082153
0201501605
0202416019
0203035107
0205200708
0206501506
0211500204
0218107030
0219116266
0219139161
0220001101
0220201305
0222672013
0226062013
0226700709
0231022085
0231110115
0231601709
0231700308
0233601705
0235125041
0237145103
0241093069
0241157059
0242120001
0243104154
0243171119
0244400108
0250553041
0251101702
0252700304
0252900302
0254900709
0256800803
0260801403
0260802108
0261100702
0261101202
0263900504
0267002077
0267102134
0267134083
0267900603
0269401104
0270162037
0273055217
0273900308
0274301301
0274500300
0274800502
0278047028
0279029239
0279972011
0289901606
0290177089
0294602029
0297846005
0298500103
0302170038
0304143057
0306900707
0308666015
0309064122
0310101109
0310871008
0311400105
0314500803
0315118088
0316733007
0318113101
0319500900
0320201606
0323096144
0323616002
0324000807
0324156112
0324601105
0324987019
0325200900
0325254000
0325600602
0328601400
0331112086
0331162068
0336140017
0338401401
0338900309
0342401109
0342480022
0344000903
0346000908
0346701303
0347114069
0347600802
0347707019
0348401703
0350401004
0350491039
0350500200
0350600405
0351000301
0353104113
0356100504
0359356013
0359427035
0359600308
0359601904
0359701805
0360119080
0360401307
0361400100
0363022164
0363100172
0363124163
0369050073
0369101007
0373389023
0378004187
0381081072
0381144181
0386501604
0388501101
0389301904
0394072087
0395600909
0401101400
0403900702
0406800804
0408126045
0410124024
0414078032
0414500106
0415504013
0417295008
0426145128
0426427036
0428105060
0435025095
0438084023
0443134058
0444131257
0445001006
0447008059
0447200608
0448306036
0448901022
0451030112
0453145116
0454151065
0454400103
0454400700
0454601501
0457800601
0461325002
0462001145
0463991022
0465160098
0467054066
0468024124
0468075096
0468100507
0468400700
0469301806
0473045073
0473134075
0473601208
0475901709
0477101008
0479001011
0480400304
0480701505
0481001109
0481200108
0482600807
0483015096
0483130178
0486801707
0488600902
0492300907
0492801304
0496160019
0507118327
0507144210
0507401508
0509163053
0510047033
0512130031
0513006178
0516400305
0520001104
0522800201
0523430015
0524601002
0528161079
0530300708
0531110193
0531400803
0533201105
0534125034
0535004150
0535171156
0536061051
0537201605
0538891011
0541800700
0543083110
0543126165
0547138054
0547800404
0549001407
0551058069
0555085071
0558084021
0558701018
0558801204
0562030022
0562091007
0563001105
0566000206
0567147068
0569200609
0573000809
0573901300
0574601506
0575004063
0575162122
0576234038
0578750008
0578801006
0581146018
0584101902
0585701306
0586501100
0587096035
0587101013
0588702032
0591115061
0595200702
0597055046
0597093117
0603039069
0603500809
0606010100
0607400204
0611140099
0612201606
0614400905
0618079066
0619200906
0620101209
0624498031
0624646046
0625401606
0625600204
0625903004
0628001720
0628107059
0629282015
0629800605
0629937015
0633001007
0633013180
0633400200
0633425091
0634201904
0636478012
0638101817
0638401002
0638402016
0639048061
0646900608
0651600308
0657700304
0662002103
0663012084
0663501009
0663501107
0663501303
0669033032
0672101308
0673600302
0673900906
0673910006
0675501502
0678784015
0679032047
0680801705
0682701105
0683855012
0693154059
0696125149
0696171043
0701200207
0702687027
0708130054
0709200709
0717027079
0718057062
0719134022
0723032246
0723158165
0725700504
0725730030
0729058039
0729801808
0735104015
0737701802
0738099020
0743801202
0746300602
0754202204
0756300807
0757501802
0758301508
0758301802
0758401516
0758500909
0758702200
0759135110
0759701209
0760210017
0762200904
0762800702
0763801905
0765101809
0765200408
0765400601
0765401209
0767074019
0767300207
0770301709
0772701603
0777200706
0781101708
0783097101
0783918007
0785015027
0788732016
0789700706
0790001602
0791827006
0792100902
0792335034
0792500301
0793501200
0793701707
0795601810
0800100805
0802501600
0802755059
0805308016
0807900900
0809301803
0809700800
0819701504
0826000703
0828017054
0829151000
0829392001
0829601504
0829917008
0833129025
0833600507
0835048041
0836600109
0836900703
0837601703
0839901403
0842417010
0844780016
0846001201
0846500902
0848701807
0850101300
0852700800
0853133034
0855800606
0855801115
0856206061
0858068087
0858596040
0858600504
0858601709
0860200407
0864300603
0867101304
0868100606
0869101202
0871901601
0872987016
0875051031
0875601302
0882100509
0883001008
0884202209
0884401404
0891201606
0894701400
0895400107
0896400301
0896701502
0896800307
0896900903
0903028151
0903130110
0903339015
0909601504
0913102084
0914600300
0915047166
0921900302
0927000406
0929800707
0933107058
0934401201
0934900207
0935600500
0939000303
0939072045
0939400602
0942700603
0942900601
0943900404
0944700707
0944701706
0946303000
0947601513
0947900307
0948001170
0948086066
0951500107
0955052034
0956602005
0957010230
0961600105
0962136189
0962202203
0962901608
0963054159
0963113199
0964800704
0966009049
0968301406
0968826002
0969007109
0969200308
0970101501
0972002056
0973141061
0973300309
0974700802
0975028105
0981700503
0981876000
0982053010
0987979000
0991116039
0992301102
0992701304
0992865013
0999137085
1003171105
1011000505
1011149260
1011900301
1012366032
1014085012
1014800404
1015595026
1017024039
1022801200
1026166040
1027702003
1031234028
1031801005
1034901507
1035501508
1036904007
1038090088
1038101409
1038301906
1039300601
1041500106
1045601702
1065926008
1068001201
1068032021
1068048010
1068114028
1068392004
1069790013
1071149053
1072701509
1074095034
1074701907
1083071239
1084316031
1089600603
1090301701
1093501909
1093901503
1094401800
1098063061
1098244039
1098941015
1099133026
1099201801
1099800502
1100682023
1101300100
1101912002
1102001805
1104600307
1104701243
1105414007
1111430035
1111601855
1117601709
1119149077
1124800303
1127101801
1128700804
1129500902
1130502007
1133129013
1134090020
1134701106
1135600506
1135600908
1135788092
1137001703
1138765055
1140018070
1141016061
1147201504
1148201209
1149402008
1152800607
1154345017
1154901601
1155066097
1155600700
1156201202
1164771065
1165400104
1168100209
1168201001
1170142007
1172112007
1175300603
1175400906
1176312012
1179161080
1183201901
1184244014
1186068076
1187400402
1187401508
1187811008
1193500203
1193590029
1193902109
1195201709
1199601707
1200135076
1200701472
1202212012
1202900805
1206300508
1207000509
1207533061
1208100702
1209130040
1209300307
1214600509
1215035136
1218200407
1224140042
1224827008
1227093148
1227800108
1237601509
1238500901
1239301107
1242501109
1243077108
1243301207
1244551014
1245901901
1246619019
1246700305
1247100407
1248200208
1249053004
1251801508
1251900401
1257401206
1257401402
1259085018
1261700402
1266901505
1271101503
1273006000
1273113064
1275401609
1277900102
1278301702
1278700601
1279401200
1282560008
1282601603
1282602005
1288100508
1288122011
1291000709
1291114069
1292401310
1298053041
1302268025
1308171067
1321027008
1323144315
1324600105
1328400607
1329151145
1332301903
1333701603
1334061005
1342160017
1343117038
1345300407
1346201101
1348801600
1351000701
1356005056
1358700308
1363034094
1364401709
1368039099
1377137106
1377600700
1377656044
1377901608
1378600209
1378820020
1379336063
1380182026
1381030012
1382201703
1382701502
1382701708
1383099055
1384300807
1384501207
1385501204
1389900702
1390601800
1392429025
1393089098
1393600805
1397901704
1399101405
1402200103
1403006049
1403153070
1404500909
1405701002
1405901206
1406901302
1407138079
1411200408
1411901017
1412527015
1413014044
1414800503
1415117002
1419500408
1419900903
1421801106
1423462025
1427200609
1431033136
1438201302
1438906007
1444201809
1445100906
1445871028
1447700602
1448201301
1448601101
1456000405
1457001108
1457284026
1458162074
1458901606
1462978008
1471600408
1473108129
1483105318
1485815013
1486794013
1492002104
1492101907
1492800509
1494393002
1495501309
1501600901
1502801407
1503170037
1503301400
1503500506
1504001802
1506100709
1506101209
1507600702
1509288001
1510101201
1511101708
1512500703
1513136029
1514301048
1514500905
1515861034
1515900203
1527048078
1531758103
1533691030
1536601201
1539052055
1539700802
1548001104
1552001302
1553530010
1553800107
1554101502
1555101509
1556719004
1560500105
1566300300
1567002103
1570501407
1571200702
1573700909
1575062011
1576100029
1578023034
1580800208
1581000204
1582600705
1583150057
1583579052
1583800104
1583801407
1584606003
1588501203
1588901307
1590552016
1592217010
1597000601
1610802005
1623012207
1625301009
1627700609
1629800409
1630435014
1630700809
1630901209
1631629038
1633801400
1634501900
1635004073
1635020040
1636701208
1641101605
1641801902
1646401406
1647023033
1654900709
1657701302
1658137002
1667043068
1668044023
1668200207
1674901001
1677003021
1686159054
1686223013
1687600506
1687700202
1688001607
1688201008
1688282010
1688300703
1688400800
1688749029
1692355080
1693800405
1694001302
1700834001
1703001203
1704301208
1707486049
1711591053
1715301801
1715501104
1718700900
1718800909
1719401303
1719601409
1721538004
1723301100
1723501705
1725135116
1725401006
1729600105
1730461052
1730957008
1731301309
1732827012
1733855029
1740601003
1742701909
1757101501
1757701300
1757796018
1757800603
1759061054
1761776024
1764741005
1766200806
1768000804
1768786028
1772101500
1772902002
1777301400
1779165213
1780160028
1781678038
1782300508
1788036083
1788101110
1790201002
1794300709
1795100806
1803100906
1803593027
1803901603
1807900909
1808100308
1808811002
1808958000
1810301011
1810501808
1811400700
1811401503
1811873016
1812100701
1812563019
1812701704
1812801400
1813219029
1814795055
1817300502
1817501572
1817535042
1817701801
1819135148
1819700407
1821015035
1821401806
1821901909
1824243004
1825500406
1831089001
1831900204
1833020055
1833168032
1840502109
1843037099
1843200402
1845700705
1847043002
1851059170
1861078007
1861501008
1862901306
1863300908
1864200505
1865082105
1866500703
1867023033
1867161074
1867302006
1867360022
1869901702
1870800800
1871401703
1872401809
1873701084
1875200707
1876600202
1876600701
1876600809
1879055036
1883200809
1885800407
1887033071
1892501003
1893081145
1896602119
1897300700
1897401307
1897500600
1901500101
1901678029
1901700305
1901700403
1902001005
1902801409
1903775003
1904900307
1905072005
1906300200
1908601408
1910000802
1919800208
1920001800
1921400306
1925700705
1931027012
1939800509
1940301002
1942500702
1947044083
1947300605
1953053052
1956080042
1963501306
1965400802
1966001206
1966033000
1970000600
1975801405
1976875001
1991086046
1995602002
1995700101
1995709004
1997308005
1998130038
1998901406
2000301308
2001031010
2001260011
2003059070
2003300107
2003500908
2003576030
2009001008
2010201102
2012862012
2019201407
2023700209
2024701304
2026900807
2027082026
2027500408
2028783031
2029149006
2029627005
2031211062
2039001504
2040900201
2044800703
2049301207
2057100702
2058490049
2066601002
2067200906
2067266211
2069528036
2074200109
2074700809
2075301104
2080001802
2080069005
2081900606
2082608000
2083600909
2084387004
2084434008
2086700803
2086842035
2087278002
2088057007
2088900308
2089100304
2089200802
2089534012
2090800804
2091667008
2095051015
2103053061
2104302600
2104794025
2104800126
2107201302
2111001707
2113437006
2115901709
2116201508
2118429022
2119600607
2120801309
2120901406
2121049010
2121601309
2121901404
2122094000
2122300702
2122601708
2123700207
2124102069
2126080011
2127005076
2127011074
2129300707
2129701301
2131076065
2131800600
2133097099
2134800203
2134800506
2142102112
2143102708
2149298011
2152109041
2152600902
2165301309
2165502306
2166133000
2173601809
2173900200
2174300507
2174801609
2175601207
2176201600
2176301208
2176501803
2177601007
2177801602
2177912017
2179700600
2180306005
2180400905
2185901203
2186001102
2187201206
2192700408
2199131285
2199320059
2202821012
2204800507
2207602109
2209099018
2209100905
2211100705
2212700501
2220100500
2228401402
2228801603
2231001008
2236167036
2248600506
2248783013
2250001605
2250052005
2250600307
2253160040
2253578006
2260100409
2262170009
2271044110
2276600302
2281401508
2285321013
2285451016
2298127190
2301001483
2301801109
2305902000
2306001605
2307900302
2312700901
2312701401
2313200405
2319131025
2322314029
2322800400
2324801806
2331300308
2331701704
2331789025
2331801008
2332200708
2334300106
2336597036
2338301008
2342682000
2342771002
2345501001
2349201300
2350289004
2351600401
2352501409
2355600206
2357501603
2360000907
2365410002
2367936009
2377825013
2383156083
2383643018
2383932001
2385520054
2385700202
2385801905
2386139011
2390344075
2391365023
2391900100
2395100706
2395201606
2395402006
2397701901
2398380028
2401201103
2403901406
2403901601
2404479092
2406801204
2416701106
2419476003
2422226017
2424301505
2425301708
2426601400
2428302104
2430545003
2431002003
2431500108
2431501900
2431701203
2431800604
2432115012
2432894009
2433069091
2433601200
2435300209
2436702309
2437701807
2442100902
2442701200
2443006042
2443132056
2443151051
2444201014
2444201719
2444300201
2444700207
2447050046
2447094048
2450600900
2452300909
2456802100
2457120028
2459400306
2459451017
2467600101
2474800409
2475000707
2475057073
2475400909
2477201103
2479979007
2480900209
2486001204
2486210111
2487100104
2489101403
2490801609
2492344011
2492621013
2493151029
2494600409
2494600506
2495401700
2495500504
2503300204
2509300700
2509864002
2512902109
2516042007
2516301401
2516601408
2517746031
2520006000
2520502008
2520600205
2521405025
2537801705
2538901604
2539702015
2540201803
2547015067
2548265150
2559000600
2559293017
2562200407
2563010071
2569501300
2574800709
2578648005
2580100507
2582409007
2582817018
2584708012
2584801100
2586700802
2588801502
2599401406
2600801408
2613114099
2615401507
2615501105
2616200508
2617001020
2617114004
2617574019
2618000409
2622200409
2622229021
2627043021
2629782021
2631101106
2635818069
2641901205
2642501500
2643054113
2643100406
2643101600
2644649045
2645301300
2646124041
2647100700
2648200805
2649500203
2649801502
2651100506
2652801105
2653201001
2658601505
2659027033
2660997000
2662614004
2667057027
2669100802
2669601708
2672900201
2679600904
2680300503
2680300905
2685024044
2686590010
2687901805
2691101306
2691801309
2693701100
2694276010
2695568026
2699600109
2700791057
2700901806
2703128127
2703366065
2704201404
2705686097
2706359062
2706689010
2707200408
2707801606
2709201109
2710601309
2713095037
2713905010
2714001806
2715500701
2716416047
2720301604
2720600808
2722601402
2726101505
2731400406
2732400208
2732901300
2734556017
2735500308
2737301608
2739539052
2740359033
2740400906
2740601002
2741000506
2741101906
2741600305
2743502104
2743701700
2746000701
2747801602
2748801405
2750101408
2751185003
2752101306
2752442007
2752801309
2753601504
2761701203
2762001100
2770801506
2781852008
2785301206
2789391039
2791101607
2791256018
2791801708
2793000204
2793300407
2794801105
2797000802
2798300102
2798301209
2802449030
2803801505
2804900709
2804900807
2817101056
2818166104
2818803004
2821426039
2821650017
2821674017
2822376136
2824100206
2825900900
2826000202
2826301805
2826601303
2829901607
2829901705
2829902107
2830200809
2830391021
2838012018
2838800101
2840401501
2841658000
2842093003
2847832000
2847900904
2848001205
2848301907
2849701509
2853137089
2856051004
2857673004
2867900116
2872300506
2872400603
2880075027
2884200708
2892100409
2892257084
2893721010
2900922010
2908801405
2912744008
2913047026
2918095004
2922701005
2925000202
2925004013
2925300405
2925601401
2926201109
2926600605
2926981019
2927201606
2927400302
2930800400
2931300608
2931432005
2931600302
2934001800
2934100506
2934901507
2943501806
2944101309
2944700901
2944778038
2948041014
2950801407
2954940019
2954993001
2958064029
2958601108
2963001603
2966195042
2966800805
2967301308
2969041005
2970074029
2970200705
2978370019
2982300200
2983301305
2987065003
2989700407
2992017019
2993801201
2995901401
2998889000
3001100905
3002100306
3003155069
3004959025
3011684006
3013401700
3015629010
3016065029
3016968007
3017712009
3018600600
3020109007
3021307016
3022101606
3024101906
3024901203
3025000503
3025680007
3028149012
3033081081
3034800400
3041357192
3041694010
3042201202
3042579049
3043000604
3043162057
3048700205
3049800701
3050300900
3050301507
3050501408
3051700101
3053300209
3061831000
3061937007
3063100102
3071401502
3076201004
3079300302
3079601709
3084900404
3090041010
3099200604
3099201104
3102401300
3102857002
3105016003
3105301705
3114001005
3122900803
3125101076
3127300906
3128201307
3131000705
3131739013
3132045038
3133800106
3134200100
3134500508
3135200107
3135300605
3136534189
3136701403
3138033185
3138105140
3138801006
3139301900
3147029028
3148201608
3149501701
3149701308
3173098008
3177801308
3179100909
3181702006
3186801005
3187800406
3191001502
3193600406
3195028206
3201401006
3202801206
3208100103
3213064042
3215352036
3217801703
3223020034
3234201116
3234227012
3234302203
3234401908
3234900806
3235701608
3235846002
3236778003
3238000708
3239832022
3240600600
3240901900
3241815022
3243136168
3243401259
3243901209
3250401101
3250500600
3251573004
3258004039
3258033101
3258132010
3261500402
3263253017
3263600602
3264374006
3264701500
3267143110
3268000206
3268001401
3269895019
3271401107
3273401906
3275645016
3281024014
3289700704
3297147073
3299001807
3303165052
3304888018
3305300800
3305549010
3306001301
3306100702
3308500704
3308600909
3308861022
3309201009
3309701503
3310620004
3312201405
3313063010
3313801700
3314301302
3318000405
3318700907
3321201601
3321817004
3322400305
3323401204
3324000500
3329600503
3330900303
3332101609
3332870017
3334100508
3334200605
3334201506
3335101103
3340901301
3341439006
3344701608
3347111089
3349400601
3350501803
3351001405
3351001708
3351501507
3351801103
3352125022
3352501202
3353601708
3355701105
3356400205
3358201603
3358400103
3360501009
3363081068
3363100801
3363300408
3363608023
3363700100
3364401404
3364823015
3365154019
3366900708
3367301505
3368301200
3369500804
3370939006
3371217063
3371311084
3372000206
3372400809
3372401112
3372401210
3372401416
3387098047
3388054012
3389101208
3391772083
3392601528
3393100407
3394201902
3395084020
3396323035
3403124231
3403701452
3405400503
3410600609
3412200609
3412500107
3412701006
3413079010
3413509013
3414000108
3414064013
3418000500
3418342009
3418501201
3418800502
3421501606
3436700505
3437100206
3439917015
3440400500
3441011000
3441118022
3442832003
3443401308
3443956002
3444300200
3444402001
3444901702
3445012058
3448700902
3458058031
3458901203
3458973006
3466555012
3480201400
3487188020
3490057034
3492501053
3493201109
3502412029
3510601204
3511629005
3511936005
3524700900
3528087008
3540101803
3543601401
3543602008
3543900702
3544700604
3546100801
3546500406
3546841000
3548281039
3548601400
3549901600
3550300400
3550301105
3550666033
3551031043
3551201408
3552800508
3554601104
3555401933
3556801349
3558400108
3566701508
3567009084
3568900503
3569000207
3569265008
3571601000
3572401509
3573300509
3574449052
3576301609
3578000100
3578900708
3579102301
3579509053
3580129043
3580201309
3581900702
3584927018
3586951012
3587800808
3596400304
3596457012
3599100105
3602700904
3603040056
3603501609
3604109009
3607129012
3609600303
3611801002
3614247025
3614601801
3617000302
3618000104
3619901601
3621065042
3622101300
3624701300
3628301706
3633114069
3633680022
3634766003
3635033076
3635101703
3639102090
3640201105
3640900305
3642021040
3650301103
3650870039
3651600207
3656934014
3658163059
3658701647
3658702147
3658702245
3659279001
3659800707
3661592046
3662400108
3662619064
3666501232
3667384075
3669000606
3669100605
3669300104
3669700707
3670400708
3673049005
3673875014
3673901706
3673982005
3674165026
3674501101
3676003001
3677000100
3677502021
3691701005
3693039069
3699001559
3699501019
3702401101
3714701309
3714801004
3716701803
3722301609
3723571161
3724100500
3724800807
3724857026
3725141009
3726300308
3727690050
3727900202
3732701301
3747100208
3747519010
3750401306
3753800600
3753900100
3754400103
3754501101
3758101703
3758102003
3765073071
3765891015
3766711016
3768370004
3768400808
3775900602
3776400605
3780400607
3797501707
3798100808
3800496023
3800500700
3801930015
3809100901
3809701405
3811129051
3811168110
3817001307
3820166071
3820501501
3820556020
3820700207
3822633011
3822900700
3826702505
3830501305
3831164056
3836501605
3848700903
3852901403
3853009090
3853202103
3854600403
3859583004
3859601009
3859648028
3859801007
3860100806
3862101106
3867400103
3867700707
3868251024
3870352045
3870901708
3871500408
3873029123
3875501809
3878901701
3879401303
3879900201
3881800306
3886768013
3886901802
3886934008
3890327011
3891309062
3897101503
3897576058
3902497011
3903003086
3903139054
3903700407
3904000901
3906300404
3912304069
3912900503
3915300502
3921900602
3922101509
3923079031
3923900500
3924228001
3925201306
3928100400
3928219017
3930901201
3931200902
3936900101
3937900804
3938500708
3939488000
3940400304
3941402006
3942401407
3942675008
3943691015
3945016029
3946502004
3947400309
3949501802
3949639019
3949801104
3949901602
3950200608
3950200706
3951353033
3958200406
3961495039
3962002056
3963501108
3968100200
3970300605
3971000704
3971900108
3972300308
3973201306
3974222013
3975267061
3976101603
3977301903
3978301206
3978502007
3978600605
3979521011
3980701501
3983501400
3983900602
3988000101
3989701209
3990254042
3990601404
3991101005
3992900408
3995900606
4002501603
4004901703
4007100705
4007151004
4008128027
4008400309
4008801402
4014029008
4021105013
4022800208
4024101601
4027401308
4028700108
4032801509
4032801705
4032869019
4033000105
4036700904
4037200701
4038900506
4040200206
4041501200
4042100105
4043130145
4050554100
4055600807
4056422018
4056701304
4059000501
4059701601
4062119086
4063000601
4063200404
4067301902
4067302000
4076000408
4076026003
4084077069
4085001701
4085100104
4085700803
4091432007
4104900702
4105003007
4105600908
4106301007
4109101405
4109107024
4110966002
4111444005
4115835002
4116301104
4119100101
4124271016
4125400604
4129200109
4129200804
4129700104
4130100607
4130200508
4130401907
4131077108
4142200200
4146200906
4147139128
4162101100
4162301402
4162901406
4163000100
4163300704
4163443001
4163520003
4168890000
4168901500
4169000107
4169401102
4173700200
4174400504
4176601702
4180201600
4183002042
4184881001
4187419007
4187844019
4188446035
4188653021
4189101071
4192642009
4195009006
4195493017
4196101108
4196200803
4201201506
4201601307
4201900500
4202239061
4203501000
4204301509
4206401905
4215200801
4215600308
4220700209
4224600028
4225100106
4225101702
4230000401
4231607019
4235268072
4237400402
4240000400
4240300103
4245500306
4249471050
4250256050
4250900605
4251152051
4257801806
4259077046
4259501002
4262301106
4266051016
4270001406
4270965014
4271012003
4272001304
4274300200
4275501400
4277301408
4278100301
4278300103
4278901204
4279501402
4279979014
4280400402
4283600501
4287601903
4288000908
4288301600
4290800906
4292517021
4292701109
4292983007
4295601309
4296597016
4299300113
4299512024
4300400202
4300400300
4302200102
4305040022
4306901409
4308301508
4316619042
4316701302
4330901506
4336600400
4338701609
4339500101
4340221001
4341100806
4342900502
4345001807
4345024002
4351394015
4351600800
4351701201
4368301904
4368815001
4369401607
4371400604
4372600806
4373201004
4376601600
4376602002
4376700307
4376701025
4376707018
4376901108
4376902009
4381036008
4381186021
4384023058
4385300507
4385300703
4386701804
4386901508
4387073050
4392094089
4394500605
4395142019
4400700109
4403021058
4412601408
4414102006
4415000701
4415400404
4419143083
4419300309
4423129117
4425601106
4434700705
4435901503
4439501803
4440901709
4441286008
4442401700
4466301700
4467100603
4471348100
4471801108
4471802092
4471826001
4472200309
4472301316
4472400600
4473101034
4475801001
4478195036
4478266021
4490600600
4497000503
4497747032
4497901102
4498500105
4498900405
4499402102
4501001609
4502501103
4503000704
4503200301
4503301906
4503302004
4503801108
4503901508
4504000105
4504726018
4506826002
4507068059
4508401502
4510700105
4513601608
4514936035
4518032001
4522300603
4524500803
4527000703
4529201109
4530129003
4530601808
4533000104
4533901202
4539200403
4539301107
4540300703
4542165028
4543440048
4546160065
4546501315
4547900105
4547900203
4549501300
4550301408
4552144022
4554808038
4557100084
4559565029
4559600602
4563201402
4567120016
4568101402
4568601700
4571501402
4571601205
4580301101
4581476097
4586061041
4587901805
4588345059
4588801305
4589201504
4590321087
4591801201
4592457008
4592500702
4592601504
4594001409
4594401600
4594701705
4595818021
4595901407
4597000804
4598774017
4599040047
4599100809
4599500208
4599801302
4600101109
4601077047
4603900801
4608502007
4608596009
4609712016
4610300606
4629594014
4633329016
4638800504
4644546078
4646594054
4648201704
4650301601
4650400601
4651701909
4651901202
4652225097
4654286016
4655300102
4656089104
4656800800
4657900709
4661200600
4663400702
4674071048
4674101202
4674136026
4677027033
4678127014
4680428017
4683109082
4683988010
4685201403
4685300902
4685817005
4685901406
4686001403
4704001100
4710000206
4728001902
4728398038
4729121013
4734900500
4739134022
4742000904
4745401500
4747701200
4748702608
4748766005
4748800609
4752100305
4756275031
4762900903
4763094046
4764401404
4766197017
4777301201
4780801200
4780892000
4786101507
4786993015
4787224000
4787242008
4787500806
4787501100
4787601804
4787901507
4788001005
4788113051
4791147178
4791401309
4792685015
4794500802
4795400203
4797153027
4803077156
4807015107
4809051030
4811536020
4811666050
4815300905
4815645057
4816329016
4817300402
4817901904
4820289016
4820500100
4821007045
4823501309
4824202122
4825101308
4833094094
4834101603
4835145012
4835401206
4836300108
4839301600
4843756001
4844186003
4845401802
4846302007
4846801307
4848022028
4849800703
4850800701
4852622027
4853100506
4857101409
4864079009
4864501401
4865093085
4865598021
4866814006
4867812006
4868101406
4868301805
4869405009
4871995009
4873801007
4876300809
4876501003
4876800403
4879400401
4884540134
4885100508
4887901603
4897901005
4898001805
4898100903
4898201607
4898501800
4898800309
4902729037
4904300809
4904700306
4906401401
4906501801
4911169030
4917674049
4917869002
4919000203
4919200504
4919800303
4921101902
4923160109
4923501307
4923800804
4924001006
4932400809
4934401902
4934800801
4936201008
4940746005
4943635009
4947401209
4949524005
4951047013
4956500308
4956501502
4958200806
4958300903
4960464013
4961401102
4963601400
4968301803
4982600900
4984202105
4984769104
4986900506
4989301202
4989324043
4989400104
4991001309
4995200504
4995251015
5003800804
5004100104
5007146095
5011060017
5021093000
5022892025
5026701707
5032695029
5032901204
5033500804
5034200805
5038057005
5043120113
5043601302
5046901008
5052169039
5054500409
5058701906
5058702004
5060101203
5061301209
5064070038
5067700203
5073011083
5073700602
5077933008
5085024081
5086054038
5086600400
5090300806
5090405016
5091501035
5091609054
5093303073
5093800208
5095601801
5096500400
5097019009
5098200800
5098701706
5101101009
5103147025
5103200906
5104201609
5104801701
5106400202
5106401005
5106701404
5108400208
5109902003
5114014000
5116500102
5116600502
5117023001
5119501908
5121200702
5121568004
5122600136
5122801302
5123801300
5125300506
5126289044
5129301008
5132800605
5133031049
5134001804
5134300303
5134300401
5134300508
5134400703
5139137086
5143037044
5151500608
5153442002
5155088113
5158601102
5158901403
5159001605
5160601206
5164651133
5166400607
5167601103
5167873006
5168001704
5168800707
5170306069
5172200607
5176080046
5177479047
5178000704
5178401503
5178771022
5179101504
5179450040
5181858001
5187901304
5188601608
5194108001
5194401109
5196800708
5197301407
5199801408
5200400908
5203274010
5205200507
5205900500
5206349005
5206667008
5207381016
5207400306
5208237008
5208800104
5210300203
5212100504
5213000102
5215067016
5215801206
5215901009
5216011009
5216295005
5219016015
5223039133
5226944006
5227003068
5228018045
5228201009
5228201303
5228201704
5229200703
5229900305
5236523037
5243701405
5244100302
5245000505
5250901809
5266656003
5267423008
5269301005
5269690052
5273800607
5274600803
5274601107
5276100705
5283059026
5288100103
5292801009
5296201006
5300100204
5300801206
5301000203
5303900807
5304401809
5304500505
5304601754
5304701708
5314067023
5314801403
5328500906
5342802207
5343901401
5346600809
5346900307
5353400905
5353424008
5353454006
5364139001
5366694032
5367167007
5367601608
5373995008
5382902408
5383300903
5399400702
5399904007
5400117021
5400855017
5402401384
5402566022
5403001705
5404400602
5404400700
5405471002
5406500205
5411201001
5413001606
5413501102
5415001503
5418201202
5421301508
5423800109
5426153018
5427120166
5429600108
5429701703
5431571028
5432101507
5439200101
5442000205
5442001801
5443700108
5445000805
5448900203
5453528003
5457995000
5459065014
5459983008
5460701600
5461600101
5471233025
5475700100
5477001905
5477621047
5478301303
5479126107
5484500408
5486200709
5488449042
5491002004
5492900201
5494701002
5496501704
5496600606
5498600602
5499362056
5502601405
5509099044
5512760007
5515301400
5516000901
5516600200
5516601405
5518400306
5523201101
5524200609
5524201706
5524600106
5524700409
5525000305
5525552000
5536193008
5539001706
5554700601
5559257023
5565901702
5570500805
5573101508
5573601102
5580200116
5601998006
5603392002
5609501105
5609901405
5610201204
5610308001
5612201601
5612792001
5613212011
5613700605
5613700801
5613700909
5613755002
5622102003
5622600304
5624002000
5631701704
5632901103
5635155015
5637701514
5643009059
5652779046
5653000608
5654101506
5655009032
5655552010
5667301604
5667901305
5673095081
5673200908
5676301302
5676400507
5677100401
5678000507
5692200908
5708401400
5708501506
5708600800
5709600201
5709700200
5709701101
5709901500
5711807069
5712273012
5712300306
5715300504
5715300602
5715600707
5715999004
5716700900
5720401904
5722300305
5724901000
5726000407
5738101302
5741900201
5742367045
5742533012
5744400503
5744901204
5745000808
5745301608
5745701800
5751400704
5756862008
5757109180
5761000609
5761501202
5769200307
5770700907
5776001508
5777501501
5778501803
5778900800
5780801405
5784202000
5786100507
5786100605
5786502002
5790148010
5794701005
5796200104
5800300602
5802901102
5805800508
5805801106
5811900104
5815300502
5825335005
5829601037
5829700108
5832117115
5832560045
5833500200
5834101005
5834400502
5834601000
5834785013
5836927000
5837401201
5838350016
5841152033
5841879020
5842865002
5843662014
5843668016
5845301508
5845426043
5846101642
5846701101
5846742046
5846807042
5846901500
5847100703
5847432021
5848494016
5849901407
5852801509
5855100608
5858700900
5860800905
5862108026
5863100808
5868489002
5879701601
5880000108
5883557029
5885041177
5886300200
5888400401
5892185111
5892300306
5892300404
5895531099
5895578092
5895666033
5900701400
5911000502
5915001726
5915801808
5918700207
5918702116
5922566055
5922719029
5922766046
5922901901
5923001604
5923079097
5931300400
5931501103
5933901604
5940403006
5942101603
5953000201
5962101601
5964701200
5965402101
5965602005
5971801909
5973117024
5978686024
5984872009
5984895002
5985485064
5987000600
5987594039
5989095011
5991201100
5992401605
5995400903
5997100500
5998900706
6001823030
6004300708
6012700903
6014301804
6014355050
6015848009
6017801205
6017807006
6017900401
6018101601
6018301707
6020173000
6025901207
6027300503
6030100304
6031500709
6033700400
6034500302
6035200507
6038401107
6038402106
6041401405
6044201107
6046011014
6048800700
6049501005
6049700807
6050001525
6050761090
6052700703
6052701800
6055101505
6061800302
6062000308
6063501505
6070701704
6071967010
6074060063
6074500102
6079200907
6081268015
6083900403
6086700104
6087330065
6088501405
6089602009
6092428027
6093300202
6095635015
6096400400
6097501905
6099949010
6100400801
6101900902
6105001206
6115001802
6121029012
6134400301
6135129034
6136600402
6141401350
6141551024
6143301507
6143401702
6143801003
6144012051
6145000604
6145601705
6146200904
6148248048
6149300408
6150300102
6152901708
6154600101
6154646005
6154711007
6154728002
6154835002
6155967003
6156300706
6157501408
6160807032
6163052057
6163719084
6165607023
6169301806
6169800205
6170101600
6173701207
6176300900
6182400505
6183400200
6187501708
6188016002
6191801404
6194504013
6194902200
6196200204
6197600903
6198501304
6201500806
6202000701
6202405012
6204201900
6205601903
6215701402
6216107001
6217000102
6218200206
6219609020
6221733013
6226600107
6228100803
6228213050
6228401300
6228801404
6229546012
6231930015
6232101608
6232200207
6237000707
6240901006
6241508043
6242393064
6272274009
6273102228
6286701706
6290800307
6294601104
6297201806
6297803006
6298101707
6300500123
6306300100
6306300707
6308101009
6318048016
6327000113
6327001000
6327101303
6327348074
6327502023
6327838000
6328101301
6328300408
6329384023
6329414008
6333700609
6333700805
6335701006
6339300502
6340900602
6343200701
6343800206
6344401500
6344800204
6346900208
6352010029
6357132002
6357256016
6357486005
6358235002
6358501509
6358689019
6364000308
6364132012
6364801309
6366911002
6369201206
6373898023
6373900202
6383200501
6395900401
6398900101
6401654033
6401901102
6402298066
6406000101
6409301101
6410300609
6411300206
6412031028
6412326031
6415300608
6416100500
6417714013
6418301709
6422475050
6424201316
6424201717
6426900501
6427100400
6429018044
6435600701
6438829000
6438901202
6440101803
6443137037
6443200601
6443402108
6444288015
6444501801
6446660006
6447835007
6448200502
6448708018
6450800101
6450801609
6450900501
6451400407
6451600806
6452555043
6452601901
6452626001
6453222007
6462947008
6464201107
6465101301
6465200105
6475200907
6478001207
6485701205
6498101106
6498127018
6501300400
6501301203
6503601705
6503700206
6504800604
6505701004
6507239014
6507516025
6510700906
6510900101
6512601608
6515220001
6517401100
6525000206
6530021004
6534324015
6537200708
6537300404
6537300903
6541300905
6541400405
6563700905
6577301141
6579401208
6580000602
6581300607
6583800500
6585900700
6602201601
6603601400
6605700600
6607800703
6611801107
6612300209
6625153019
6629401602
6636601801
6637378008
6637962000
6641000201
6641900408
6642624044
6642900200
6642901101
6646778016
6652400909
6653000304
6653601600
6654910019
6658501101
6660101405
6660800105
6662900805
6665440019
6667500700
6667501406
6667701609
6672000108
6672718013
6678101602
6683100408
6688301805
6689100502
6693114006
6696001106
6696801108
6703700300
6704042031
6705192003
6705700902
6706800703
6708100403
6708100500
6714775001
6715944000
6716901201
6720100300
6720400113
6722000600
6725701419
6726474037
6727395017
6732500301
6733401103
6733700502
6735401607
6736100208
6736300402
6741746043
6743159011
6743401406
6745323064
6745901905
6749302001
6751300205
6752001704
6753201005
6754401109
6755000600
6755301205
6757801117
6758300308
6761601905
6761701101
6761900501
6763097058
6763702008
6765153013
6766401201
6767097018
6767400200
6769061061
6770800709
6772181116
6772200809
6772802008
6772936004
6773060027
6774301607
6774400206
6787201502
6788605001
6791500502
6795900206
6799300507
6802600506
6807301204
6809500806
6812600408
6814000605
6815900408
6816100100
6816100306
6816100404
6816312013
6817101508
6819830018
6819924006
6820163162
6821801807
6825271025
6825501909
6840137033
6844500402
6847301567
6847500307
6850600202
6850600603
6850801502
6850902305
6851901705
6858801603
6858901906
6863134012
6868294004
6878201402
6889100107
6889601405
6891901603
6894100508
6901643003
6911401702
6913398013
6913701705
6920001805
6921996014
6923001300
6924602007
6941200506
6945201604
6945224006
6946811003
6946900802
6947012004
6947149006
6947601205
6947737015
6948186003
6950116020
6952494018
6952571010
6954101000
6954600603
6961001701
6962200101
6962845009
6969901901
6970501404
6970548000
6972101609
6973100305
6973400106
6975700108
6976290012
6976721012
6977300705
6978800708
6979418012
6980100701
6980401609
6980427018
6986700409
6989300309
6989400503
6989600707
6992300205
7004500705
7011001802
7016000401
7017701802
7017716029
7018306054
7020401408
7021901009
7023277033
7027700802
7028000709
7029201401
7030400300
7032301002
7033400304
7033401205
7033462008
7033600605
7041016029
7042401108
7042697019
7049437002
7055200407
7058501700
7059037096
7059054033
7062000708
7063501602
7066600909
7066800907
7066801103
7068701002
7069600100
7070801800
7071096053
7071401250
7080043015
7082101205
7083076043
7083117030
7083600101
7085000601
7093300309
7096101802
7096701502
7097201006
7098700705
7101100909
7102301101
7105002106
7109104017
7112794007
7113800809
7115102202
7116501608
7118454011
7118700701
7120401807
7121101504
7122207002
7126101102
7126500804
7128487022
7130001506
7131800302
7152166041
7153617001
7156401204
7156801406
7158616077
7159701401
7159701606
7159808024
7160001219
7168101408
7168500101
7168524013
7169500902
7170101388
7171501541
7177771020
7177901205
7179100503
7179151026
7179340023
7185023033
7197601803
7204300507
7214000402
7216874017
7221938000
7222610001
7222711003
7223131134
7224411006
7224701207
7226163021
7228001107
7229200907
7237801805
7248008029
7249601205
7252401103
7255200706
7256100304
7256194061
7256602003
7261800708
7268800909
7271501102
7272646042
7280595027
7281102008
7283700507
7284801807
7285901402
7285906011
7286201103
7288490001
7290001107
7291523000
7296200906
7296800900
7301059000
7309700207
7316000708
7316800700
7317548036
7321201206
7323413053
7323500102
7325200306
7325401107
7325700105
7326907007
7329000603
7329220043
7330271001
7332401407
7333600609
7335800103
7338301600
7338615103
7342800305
7343101201
7346001205
7346201203
7346301907
7346700600
7351801305
7354700301
7355605012
7357553057
7369066005
7369601602
7370301104
7371900107
7376000800
7376549019
7377500803
7377700204
7379300302
7379500300
7379900805
7383601603
7384400604
7385000106
7385100908
7389800404
7391401804
7391508005
7392701006
7394201506
7394305042
7400979005
7401026058
7402502011
7402885015
7407401407
7421982002
7423139045
7424800105
7424800301
7425701503
7427600805
7430410046
7430640053
7431389068
7432400503
7435300909
7437261078
7438201306
7439201108
7439801308
7440955007
7441100605
7441701403
7443902102
7447100906
7461892014
7462145005
7463109003
7465000204
7465001409
7467161009
7468001804
7468901208
7468901501
7468901707
7469000304
7477695003
7484458001
7486800300
7487100902
7488494012
7492901404
7496632062
7497102008
7506500601
7509957007
7510701003
7511300505
7516920010
7517801702
7521900107
7528363025
7531601206
7534501005
7535001409
7542383001
7547001208
7550298002
7552900601
7563800404
7563801207
7564301807
7564401904
7564881006
7565101101
7565371018
7566200804
7567700601
7568487004
7570859029
7574301502
7575710027
7580100502
7581817046
7582801902
7583092074
7583640016
7584400609
7585441011
7588901105
7591400908
7591867003
7593501109
7593701802
7594192003
7594200904
7594764009
7597089030
7598900301
7598900908
7599029023
7599301607
7599632057
7599701809
7601901008
7608000101
7609401104
7609800600
7615400200
7617159008
7618200901
7618801708
7623200108
7625900204
7630401002
7634801402
7635064084
7639001203
7639600404
7640400404
7641685008
7641901406
7641901503
7648200203
7650200101
7650301109
7651300705
7653186010
7653782021
7655501204
7661001001
7661201508
7663001301
7672878015
7676901000
7678106009
7678801800
7680401908
7680485033
7681201506
7684101404
7685500907
7686700404
7687600109
7688401509
7688901602
7689300901
7689484032
7689601131
7689815000
7692401002
7693800800
7694011023
7697900702
7700901507
7701582002
7702701603
7703476016
7710138003
7727001206
7729684009
7734901007
7738753053
7739000408
7739337035
7739500804
7740501106
7740900201
7742001401
7742500906
7742900403
7743500806
7743501805
7744200200
7744900203
7746801002
7747001311
7751800600
7755300704
7761338020
7765501309
7771540041
7771901303
7773116089
7774600105
7786401903
7786865019
7796200601
7806301107
7815963008
7817000607
7822600601
7836117015
7840001109
7841801001
7842252025
7843700401
7844500900
7846400103
7848101003
7848400500
7852201406
7854100208
7856201005
7867902004
7868500507
7868500605
7873600908
7874047012
7874201703
7877470013
7878002000
7879201409
7879601209
7879700806
7881098010
7882101002
7883700808
7888357003
7889201408
7891644006
7891700204
7892034022
7893600103
7893668004
7897301801
7897693021
7897800905
7899499094
7901116020
7901200402
7902656014
7902901206
7908598057
7913801507
7914115037
7916700502
7917101408
7917600208
7918401305
7927100104
7927400405
7931200105
7932200201
7933961004
7935801742
7935885007
7940629039
7941101300
7943800202
7947400706
7947801408
7947901309
7948600301
7949800806
7951393013
7951936018
7954701708
7955087007
7956700107
7957202000
7957801407
7958301302
7958401506
7958801003
7959700806
7964300800
7965905003
7966400706
7970101602
7970200103
7970225003
7972101403
7981601105
7982050025
7983047077
7988000704
7989001300
7989200309
7989417037
7989601901
7989659062
7990201100
7990401509
7991100609
7993754025
7993900901
7995700908
7996700808
7998310041
7998600208
7998600306
7998717022
7998800206
8000200901
8002700403
8007899003
8008005069
8009501301
8009840008
8011001703
8011100106
8011700609
8012501412
8016200408
8017600607
8020302076
8021101408
8025301097
8025500601
8027084017
8027201903
8027900907
8029801306
8040300407
8040301102
8042700702
8044000901
8044100508
8048499009
8048700200
8049601002
8049700609
8053600201
8054001507
8057501603
8062201704
8070900202
8074701107
8075901102
8076000903
8078157103
8079601303
8080289067
8081700808
8082002008
8083201700
8083701000
8083900802
8084201405
8084900105
8086591011
8087202103
8087300104
8095401105
8105301906
8106202101
8106902006
8106902202
8123152034
8131127036
8136900700
8140923019
8144200202
8152624030
8154201102
8155557027
8156701102
8161400204
8162426019
8163201005
8165302106
8174500108
8176601502
8177916011
8182801205
8182901703
8183103020
8183119028
8183200200
8183262015
8183300600
8183504018
8183881001
8186001703
8187801302
8188800702
8189201705
8191701305
8193101502
8200805007
8202701104
8207900102
8208128007
8208157008
8211164026
8213801208
8215068007
8217222009
8218801902
8219601109
8220200601
8221400803
8223101507
8225194014
8225501606
8225901201
8226300705
8227600906
8234501109
8243281010
8244201806
8248700705
8250162119
8252110024
8252900901
8252901401
8253900507
8254301706
8256890005
8260600505
8261901304
8262100604
8266000802
8266408019
8266600502
8266800804
8267001408
8270940002
8271401219
8271459019
8272000702
8281300700
8283800202
8287201404
8290601306
8290800305
8297101404
8298627002
8299000705
8299801804
8301001307
8301300500
8302901805
8303058002
8303200507
8303601003
8305501009
8306328001
8307000706
8311200608
8312901207
8316968008
8318100506
8320200903
8320400607
8323401307
8330301704
8334601605
8337100105
8340801432
8351801304
8353201501
8358800202
8358801309
8359200607
8359201606
8360601307
8362701008
8363201403
8370300300
8371858014
8373500507
8374253002
8377301509
8384698040
8392202009
8392640012
8392701309
8393501407
8396300109
8396500303
8403356041
8404800703
8406519031
8414500304
8414600508
8415158028
8415601005
8435398046
8435900403
8444801708
8450097022
8451283013
8458901100
8460101603
8461008004
8462100209
8462301705
8470501001
8471300306
8474238016
8481502003
8486201901
8489100701
8491201402
8491267020
8491545029
8491900406
8492000706
8492241011
8492601308
8492801501
8497292009
8504400606
8507901300
8509938012
8511154017
8511900107
8515101702
8516100202
8519101232
8520282060
8521403018
8522200502
8522601703
8523701309
8523800808
8525977000
8526500305
8528701406
8529100303
8533300900
8535128055
8535401208
8538805022
8539500503
8550500207
8552601602
8556700701
8557801501
8561872033
8563500709
8563500807
8564301003
8565700409
8565801808
8568701607
8568805003
8569802015
8570900004
8576000109
8577500905
8578201004
8579101806
8581940014
8586101311
8586600807
8588801908
8594102001
8594834007
8596301602
8599800103
8600400407
8607900906
8607901004
8608301400
8610600100
8611200102
8611686034
8612701603
8613201205
8614501406
8616000906
8616500304
8618401006
8620901604
8621699025
8621701301
8621800105
8623601503
8626001003
8629400102
8632500908
8635903014
8636600800
8638488005
8645301304
8657401004
8661000608
8667001604
8668800605
8668906007
8671301809
8671800805
8672400102
8675000500
8680600103
8685800100
8687901408
8693901406
8694100500
8697201618
8702429050
8705501509
8714041039
8717978024
8722801404
8743001202
8743601607
8744601204
8747901801
8759701817
8760147026
8762519066
8768800603
8769101108
8775000508
8779602129
8785101907
8799401503
8800400207
8800401402
8800701105
8800801907
8801375000
8805334005
8807100107
8807517002
8812126004
8815790006
8816501700
8819065004
8821000804
8825421027
8825700504
8826501503
8828100808
8829493029
8831830005
8836201907
8836800608
8837441011
8837600804
8838401000
8839001707
8839200608
8841313048
8842600207
8844600105
8844606022
8847946032
8850377050
8851101202
8852800801
8858301205
8859001108
8871401804
8872000102
8874978022
8875500805
8877845002
8879101301
8882401605
8885400609
8888700101
8890822007
8890901603
8891400108
8894301004
8897900805
8903201905
8905500409
8908188016
8910901404
8910991014
8915401015
8915401113
8915500104
8916200409
8916501708
8916601805
8916800305
8917001505
8917100408
8917401903
8917800508
8918000103
8918200307
8919100903
8919301009
8919401507
8920800806
8922301708
8923265078
8924501800
8925101507
8926000801
8929400801
8930800805
8931400102
8932500403
8936501029
8939200303
8939500809
8944300400
8956353056
8964401004
8966700908
8971500508
8976200804
8977101107
8979500306
8980558001
8980700106
8981001208
8981526003
8981568038
8985100307
8985600703
8988401101
8989864000
8992001900
8997931001
9003120080
9003700204
9007100407
9010600807
9011900508
9012601900
9014601719
9014700309
9014700504
9014800709
9014901404
9015800902
9019201801
9023301615
9023415017
9032785004
9048039013
9050411007
9052866000
9053300702
9057100509
9075578058
9076500408
9077301602
9077690011
9078700901
9080900503
9087101104
9088800605
9092502012
9109500700
9110202004
9110301200
9110501805
9110618006
9110900704
9111002013
9111438048
9111886008
9114100303
9115852026
9116259001
9116602007
9121264069
9124000303
9124101533
9127566044
9130101709
9139575017
9139701606
9139728009
9139800606
9139876000
9145501801
9148301200
9158201200
9161981003
9163692027
9171601511
9179028079
9181100703
9181200301
9182600207
9186901507
9187500804
9191101809
9196201601
9198100805
9198300901
9205101709
9207001305
9217379004
9220123016
9225701809
9226207002
9227001606
9229201904
9232474019
9236800101
9239901504
9244117047
9246430016
9247600707
9247601001
9262810005
9262900801
9275801108
9279300204
9285600404
9287900407
9289201702
9290101809
9290601403
9293800807
9297878006
9298801306
9304001202
9306200803
9311835005
9315101305
9315500507
9315901209
9316200900
9318500609
9319401206
9321901001
9322286009
9323800802
9333226153
9343500607
9343500705
9344100404
9344549032
9361703012
9361800704
9362300707
9363692030
9372762107
9373401506
9378674044
9384711021
9385601205
9389815042
9404000906
9418600119
9418601400
9419201901
9419601907
9420100304
9423800908
9429723098
9432800400
9435600101
9438401400
9439300204
9446601009
9448901306
9449401504
9452100502
9452442008
9452800300
9455201601
9459700707
9460986000
9463600602
9471900602
9478100605
9479101602
9486501408
9487000108
9487901705
9489274034
9490201207
9492012002
9495300304
9496400105
9496700601
9496801002
9498544012
9500100508
9500200400
9501401209
9502700900
9504301008
9505101506
9505342011
9506801801
9507815017
9509500701
9510529011
9511190050
9512093014
9512501107
9517000406
9518701004
9519401719
9526773016
9533700601
9535001032
9539201309
9540100103
9540387049
9540400100
9541101208
9543501200
9543700708
9544101907
9544200104
9544200408
9544201906
9544293011
9544300103
9548000704
9548536008
9549100104
9550300707
9555601203
9556701102
9556800200
9557001303
9557201702
9557942023
9560000200
9562300908
9562800100
9564994000
9569901309
9570942003
9571200401
9572001507
9576902107
9583911012
9584801808
9592900703
9593701203
9594800504
9596601305
9599800102
9599831052
9600575030
9602971003
9605702008
9607738026
9607862009
9609904000
9613900306
9621401009
9623100606
9623800903
9624601403
9625301207
9628800902
9629000301
9629202003
9631312027
9632900707
9632901109
9640400206
9641902305
9643300201
9650601809
9650700104
9651038004
9661401808
9670664015
9671337035
9671401200
9674458022
9675072026
9678501801
9683001003
9688601104
9695116010
9695600306
9707001402
9727800109
9728001701
9728400307
9728701508
9729101209
9730073005
9731201703
9734401402
9734500206
9734700801
9738352012
9738800703
9739601702
9742501404
9743101503
9744001708
9746101702
9748400706
9750001705
9751301309
9752400405
9753044146
9753203056
9754101804
9756801615
9760801500
9763000308
9763600204
9764200206
9766475002
9767700400
9769901706
9771272059
9771391013
9771981008
9773801200
9775300808
9777200306
9778595000
9781415093
9787617019
9789015040
9797701406
9798301603
9799100604
9800044007
9802001508
9802601502
9803100409
9803401600
9805801004
9805901502
9806202007
9807800305
9813300807
9815322009
9815801708
9816000509
9819500802
9819747039
9819901102
9822001604
9833401607
9833800203
9835501807
9837600705
9840900804
9841304004
9843400901
9845301309
9845801304
9847000808
9848901600
9849502022
9850828008
9850901900
9851301003
9852000602
9852692006
9852701409
9852801202
9853301303
9853400508
9853400606
9853701005
9854200606
9854203007
9854557028
9856001504
9857861001
9858200509
9859801403
9862000905
9863401506
9864665000
9865901702
9866376015
9867000806
9867300705
9869300603
9874200908
9879901909
9880001005
9880066025
9882200901
9883601708
9889401903
9890400403
9890433001
9898800901
9902401600
9902401708
9903400707
9903544006
9904700301
9905401408
9907901105
9908201404
9911400602
9911499029
9912001809
9912844019
9912901203
9914100208
9914975017
9915101605
9916863010
9917105008
