PremiseId
8223012000
5478083014
5521125007
3525097011
1750028008
8915089000
3865095024
8545463016
4016056003
2473348008
4036056009
0283161008
8852022021
0379083002
1474065007
1494065003
2541079003
7834415009
0721076008
9948011013
8707187011
0982091001
4338628509
0550106011
4057076010
4209058019
5251069016
5810108005
8477076009
0646081012
0726081009
0926081003
0966081005
1046081002
1066081017
1186081006
1226081019
1286081035
3792813241
8087076004
2259289008
2895341001
8147076004
5139897005
0481023009
4178066034
9302083002
0167034086
3125033000
8410061002
4707036051
0107034088
6982078013
0941068006
5674098004
2594099002
9667688010
2345094020
8166079007
8278081000
1718075007
9633074002
0289076008
6678083000
5590916005
9171106003
1236070019
1416070017
8698087024
6190128008
2601012008
4627036064
4964069014
8867076013
7853069009
6047077007
6027077038
4143921013
0863005010
7617584001
8907076008
8633074001
6007077023
3915025001
1918959002
1907816005
9834074000
5458101002
1372077007
9926173005
7225067002
8035793016
6037365009
5776154007
2403977008
0227141004
1594074004
0669909004
9814074004
6083081007
7638040004
2828073009
5925075006
7470086006
8970655002
8012081004
7810342009
6701512009
5575502005
5282029006
9054074000
9938067003
2768073009
1784073026
2403020013
4741032015
8590304044
8174036016
6612068010
3678041018
3479069016
3279129013
2053064003
9354092040
2589043007
3675002000
0071106002
0129145008
0316798008
0400978001
0518122006
1207191018
1561142006
1929021000
2126771008
2312108000
2761773006
3224119003
3558112005
3803077002
4292108004
4399059006
4692042009
4952109003
5272042006
5322025002
5422044009
6573943009
6892043002
7430044006
7773855009
8477404003
9383408007
0783160001
8717041004
1848404009
2541140007
3261079013
5940092003
1273010059
3861043015
3881043011
5211471023
1192021007
8219023004
4419069000
2665099009
7405112000
1025110008
2305102007
4055053000
7969023020
1674064004
2934064009
4134064014
5015064002
5260112066
5500112055
5780112062
6060112054
7120112046
4831057057
4957061053
5091057041
5357061052
5711058057
5737061054
6271058047
8723673003
4115079013
4734073015
4983827009
5678098019
5630108007
4754073020
0190622523
7671058046
7651058040
7271058057
6751058050
6111058056
5337061047
5231057056
6320112067
9487169003
8454095006
6838098003
5840143003
4229058015
6891058054
6137061053
5997061047
5971058040
7380112048
6600112058
8807076006
8197093046
9902083004
8275097006
6897410003
7001529001
7647910000
8164243009
8239392000
8450194008
8807173000
8845163008
9235113004
9544137009
9646110008
9538155000
9815666006
9171700001
9864595003
8897852003
8329714005
7585233000
7523138004
8497249008
7192765000
7099138009
7027845000
6947888017
9759337006
9697881001
9619633009
9567535003
9853598007
9501607002
9329434003
9213213005
9908192002
2559722004
8905284002
8195210003
8161559000
8114369003
8071684009
3331996003
8029904003
7595113006
3614042002
3711406006
1829747007
4012504008
4013949001
4263526007
4339131005
7093464000
1994287009
4842043005
2098520008
4992484003
2265952012
5005127001
2299264003
5103528002
5353037005
2347692006
2437519001
5962372000
6172119001
2541383002
2704120009
9959173006
9984578000
2755113003
3139970007
3783766006
0107205005
9991137000
4359505001
1983283004
1990115002
4981518007
4993854009
2208823001
5025127007
5779882008
6767270008
0777666001
6829275001
0837134004
6873859008
2865262006
3485507009
0270843000
1044118006
4433547001
1158684006
0367142005
1479659009
0479176004
0619730004
5642911005
0643736001
8317061044
6820979008
6854125005
0013113007
0041051003
0087170009
1033309000
0153651006
0175099000
0195588008
0243826002
1115381006
0306040004
1557124009
0579721001
1583495006
0831716002
0858271002
0921410004
0962240008
0963698017
1347671006
1375676002
1537124003
1659138003
5717124014
5737124010
5757124016
5777124012
5837124012
5857124009
5697124016
5677124010
5657124014
5637124018
5617124012
5597124014
1081047011
8861046011
9596031014
8961046013
4251089017
4271089013
6051087011
9414070017
1101225004
3453805003
4284045114
4357955003
6640951002
6881264004
7810042004
8070042007
4035127009
4932109016
7072043010
9832708003
0130228027
3268014010
7239147004
7470013003
9738616011
2970007000
2563020022
3367496001
0499084007
7597342005
7538020000
4886001005
3736014013
0999014005
0964010008
0477577003
9742836003
9095757000
9107140008
9735366005
6138005004
8753009020
3243424001
0953002009
3270036008
3670036024
8177556006
8890036001
9030036008
9130036000
9650036006
0021024019
0061024011
9466282010
0496060023
0182082033
6927882019
4081128005
5412055018
6001035003
7005125009
7328738000
8238029008
1159388003
4540062015
5325030014
6025025009
1259113008
3968062029
3561083004
2869078000
5065090007
9870085009
3552077016
9890085005
3853129015
4240073012
4701032031
6427339004
8473076003
5523084009
3663085008
6912071004
9295141006
1870028015
6130025013
6349808006
6093344048
6253812007
6818054005
9997049009
3538055009
0061043007
4904065009
6261043007
7131973000
7161043006
6257292001
5360082001
3542043008
1821201004
0225066008
8152071002
9502153003
8981044006
7902042001
7782068005
3522043002
9991165004
4444108001
3819031003
6439035020
6459035026
6479035013
9837019001
2286000004
9733146032
0079028023
1093687025
3683555010
4355507027
4463799004
4839950019
5990025007
6010025006
6418008014
9081003008
9483138011
9862159018
2630093008
7357113008
1422094005
1402094009
6726072006
9853235005
6549135002
3367026090
5464089008
8264089007
4531031002
8471796002
0128035030
2719494016
1256070015
2287025005
2886022011
6365075016
7725026029
1345095008
2566333044
5680142004
5534098037
8905094008
9223229033
1942382006
5772065009
0875101018
7783050007
5643954004
6735569003
8623098017
0464134012
7316046024
6916046007
2890024014
9212743004
4542001010
0383958003
0553686034
0926024008
4079017006
7785819362
9759028011
6232104000
9343135052
0457077002
8439148015
1746046016
1726046029
0297679013
2608049003
0409506001
2381580009
4426090015
0337077004
9813096006
2236100004
6476098009
5154519486
0123164027
2441015043
1218982025
9862620003
2255043006
5374067012
5394067018
0474104026
6372043122
7153076000
7173076006
2972107030
3436511100
2453310179
3496111000
6049109011
5409109016
2196006016
2536006007
4716109076
2201028017
6342024002
6962024000
7640057019
6253623199
6908015007
2236006010
4656109058
4676109054
7765019008
3285059004
4238008014
6034042009
2216006014
4696109050
9142273013
2225024011
3138131006
3198131004
3218131002
3178131008
3238131035
8309125011
8838029000
0029578005
9845054014
9785054005
9805054003
8752049011
8712049019
3110071007
4130071004
6558820596
9370014000
8952014003
9950159000
9390014006
2358119009
7261921007
7978066006
6026418008
3490071007
2490071006
7585547009
6199004018
7155303028
4781074015
1713009003
9052014006
6245078028
4247724156
9260137003
1513074042
0401092019
8349072035
4248018013
8639774019
9584642007
5377998005
3499002017
2470071000
5139150016
5614116009
9365099019
9857197006
0166002008
2081080026
3399002024
1313077021
8793074001
5807107058
9618012006
7198004006
5827107009
5767107009
8102099005
2173085028
2487854064
3283051000
4614073035
5887379012
4778134039
2913770002
0083065025
5856012000
0054052014
8654088005
8683085018
2606718176
2298334006
3993058006
4013058005
4545051003
8026049005
9974140003
1677518027
9040670021
9249143010
4649044015
2757101001
8428055009
8197132002
2342078006
2428058004
6708059005
7630067003
5761931001
2408058008
8542083007
8702083027
8562083003
4565051009
6469398003
6384069001
7871101000
1159645012
7185247015
8697077042
0689024002
0709024000
2469022000
2489022006
4136048009
5261031088
0502022004
1093317000
1308021008
2587024004
2628021001
5389019000
9965022001
9985022007
6825060004
6845060000
9448284007
5862093011
5842093006
7729426007
5789079013
2378008007
9292060022
8468034011
2249028002
6771003006
1608013002
4499037002
4519037000
4539037006
4559037002
4599037004
4639037008
5868972002
2163334005
2203543008
2937041017
4799037008
8417658012
6217291011
9757632017
9737170016
3179037009
9197148010
2479037004
7873276000
2539037004
2559037000
7211779008
2619037000
2659037002
6723999000
5920181009
2779037000
2819037004
5855522007
4126319000
3293339002
2999037000
3019037009
2784030004
3159037003
3199037005
3239037009
3259037005
3299037007
3339037001
3359037007
3399037009
5523470005
3459037009
8851297006
3539037005
3559037001
3619037001
3639037007
9507143016
2259037004
4179037000
2319037004
4259037006
4279037002
4299037008
4319037006
2459037008
2499037000
4419037008
4439037004
9994140009
2699037004
2719037002
2859037006
4581907006
2899037008
5197949004
2939037002
0943763004
0969172003
3439037003
4659037004
1495474006
1613693003
1899037007
1919037005
4619037002
4579037008
2039037004
2059037000
2079037006
2099037002
3888841006
9037000122
4159037004
2279037000
2359037006
4239037000
2919037006
2439037002
4399037000
4459037000
2599037002
9807160004
0318625008
0348135008
1173180009
3099037003
1939037001
1999037009
2199037004
2419037006
4379037004
4479037006
0375285000
1745027008
1291426000
3519037009
1959037007
2139037006
2219037002
1979037003
3754017003
7864011000
1527092049
3969410252
5228089008
0147649009
4172077006
0163182009
0851080030
1136010002
3957401001
9336001005
0693001008
9871606002
1014081005
5673083009
6733083000
1216010026
8817032016
3996079007
4719062007
5869364013
2991824001
3903007002
4123026017
4183026015
5163001004
8083133017
6563024006
3804021013
4283014008
4003026000
2403011005
2313905003
0384059009
2705012006
3165007002
0345013005
4864015005
3784021006
2064009009
7565024014
9765048001
1784008001
9457208006
9203135003
1266010003
8063133011
6583024002
1767011013
7184021017
1907011000
1967011008
2027011009
1665129001
2207011007
2346007003
0096669000
5084022001
0425008000
6945022002
3744021004
6587127004
0626014006
4886130001
6907127008
9183177003
1128325003
1666007004
1686007000
1787011019
1807011017
1827011022
8710531005
2087011007
1745129007
2227011003
4405049009
3008121009
3248121005
5785902002
3488009000
6285015005
0381477005
2487026006
6768118007
7068017002
6327133000
0346009005
1162001015
9193647003
7846126008
1649016009
8686123006
2629006017
3271935000
3349006009
3927318002
7327127049
4149122005
4635491006
2067011001
6809000008
0232328004
7489020016
3308121005
2406007003
4228019005
6318387009
2466012002
4806046000
4490023002
5857852008
0146002002
0289386009
2609006011
8389125015
2709008008
3469122006
3071911024
4777441008
4350015015
8127007003
1271038004
3275985033
0451633006
3572007001
4692116004
8089122009
5071019009
5432000037
9448126000
6552000009
1664727003
5729973009
2888121008
7088017008
9052043007
6289515006
9665440003
0490022001
1287207006
1653003001
1409015006
3213012002
8409125004
0729562001
4049011005
7113016002
7153023009
2192000009
3232010000
3371003005
1354013005
3512116007
5012116009
4029476000
5201539009
5594003009
5801144011
0321897009
0974001002
5895868000
8394121010
4090004009
9151076004
1033001009
2709129002
9694001001
4433123001
6733004009
1275002000
6973017002
6993003004
4475010009
4743337004
6075040001
6993017008
0815006001
0955010009
1092009009
7035002000
1312116001
9594001027
3554007012
5315099038
3834019003
0213137001
5814116003
1276012000
1396012008
1496023003
1816001001
1817023001
6934019017
9096016008
2616002005
0431683000
2756006007
8434121014
4936123110
6872006003
9674001014
9614001007
2397014016
6876123005
7397129008
3217916001
9572149000
3375018002
6095040007
1079015009
1442008005
1482025017
1519000000
1999000002
6675001006
3659002000
0797138008
8414121018
8454121010
5302010005
9954133002
1256012004
2416006009
0034001002
2596002007
3401008029
0819142008
2656002007
3839036004
5516012002
9834025016
9634001003
5228354000
9654001009
0396010003
6017124002
2712879002
4399017008
8602082019
8622082015
5219015009
2603075021
2623075036
5702010003
8420187004
9795119004
6039015002
2051704031
3273129000
3573791002
6462015001
0345600008
0862009014
4427024006
3859036000
4636012009
5528103009
6136012001
1283180004
1449081002
0358015013
4398131009
0919028005
3981027000
2643075032
0375671006
9406003002
6482024006
2019131001
1408054009
6613295002
4368533013
0615613002
8947024006
1409081000
0268097007
5291110010
5014020015
9496031003
8742004028
4878033002
6281014002
6939381036
9082021000
1318134003
8123027009
9677200000
9101805000
8644059047
0236809019
1425008001
1011354010
8149411001
7667032043
8049014028
7389102011
7193076002
5294003012
3996056059
8087771004
5917067009
5937067014
5957067010
0143012015
2118101001
6725011027
2067015018
2443702012
5214003009
5234003005
0573067026
1503260009
9603013028
2322078000
5356011021
5336011025
9613776005
9824752006
9795002004
9815002002
4735003008
9775002008
4755003004
0210008012
8637670018
7507057059
0182015014
5362014029
8740166052
9403178020
9928181014
7622014016
7682014014
6362012017
4822012013
5226469026
7902014016
4922012015
2802088000
1402115058
1442115050
2197970015
6521009027
3870008015
0230008027
0370008012
0450008018
8890009013
3750008017
3810008026 
3730008011
1674008015
0888280019
3790008019
0543170010
9845065026
8470007033
2116006030
5532390065
9265764019
1118134018
3046072005
9461166039
4489407001
9192032017
3770008013
0390008018
1875133002
3917409005
1382115050
2422090008
2808073003
5598135002
6421056051
9847192008
0757625095
8084003009
9808641008
7547001004
9007010003
1501002009
2600031009
3801017008
3981008005
4021027005
4881002002
5240034007
5961021111
6401008004
7342010009
7485024009
7625022001
7744003000
8205023005
8243001003
8306009001
8653746008
8824019005
8861384007
8893768000
9479027005
3860036007
7425007000
7480048009
7531516003
8223012000
8399004005
9786010007
3368013006
6648018004
9426003008
8439004009
8165023001
8145023005
0390010009
7904005006
0790010007
7783009000
6833808009
7170010006
7350010004
6261019001
7730010006
3681003004
2501026000
0620180001
0380171004
9811612002
9660179009
9042007008
8410021008
7669020005
8291003004
7289020003
8988018004
3668017000
1029015004
0410010007
8552021000
8140054000
8042010004
8697169018
7764003006
3173123015
7725024007
7550010017
6615001008
8090010001
8455002005
8015002005
8430010001
9650010002
3275012008
9830010000
9850010006
8289828000
8946003003
7509020005
8170363003
6632011008
0070010007
9885594006
0970010005
1150010004
3193123011
9573022008
4977016009
7530010002
7736900009
8070010005
8495003004
9557014006
8970006009
8323381002
9993172007
1809043008
8134095013
3057016004
2058028034
8132000007
0832078047
4156008001
8618011008
4335002003
6528535002
7997017005
8093374002
9886689004
8916018005
9936015001
7804233008
9476016000
9997055007
4892035026
3003349007
1618009001
3097016006
5518098091
6497010005
9633942005
2157006009
9956015007
7659435003
8597009006
8997014005
9150227007
1098001016
4118021000
9958005009
2740061010
9337326010
4400180005
7175015056
4836012012
6397777012
7531242008
6033913018
8006009032
9748010030
9872234000
8067296019
1290049009
2572122002
4234053166
5153093009
6763055005
7323053020
6947012004
7497129037
4559143005
3132019001
3235105015
6383107011
3252007045
3152007025
4042093009
0852019008
7457129062
1658001061
0018680003
4292019002
9232020002
0950100026
4406032204
3332019005
9092020006
0832019002
1552019003
3092007016
4892019004
6518119014
1558115031
6498119007
1578115019
9640056158
3517464017
9645071155
6923000002
9367046007
1380183005
0030093004
9990093009
3748017051
0257073000
6493137005
0382120005
9853057001
8593108213
6092099008
8395024056
8217056041
2513445097
1518081001
1538081007
5429042003
6803110005
6823110001
5557874026
9500181027
2050623519
4382107006
9642098029
0967623294
5481113003
1743094001
0763085007
7637813012
3964908006
7292225085
5179141037
5139141044
2469615112
2538115009
4569009029
6311008023
2613274009
9913044013
9973044011
9711386014
2514102037
4861108003
9687015031
9667015017
3966105003
4006105008
4026105004
0866055003
4093102002
8409035005
8429035001
0356047008
8997082003
4150420003
4493071019
8310620018
8021207007
7453102001
0445060006
0465060002
0316047006
6707032528
0807032524
0241809003
8937082005
2640137017
8399073019
7473102007
5469047037
4726061001
5869833022
7059024044
7493102003
2410621011
6410621015
7197083003
4632825064
4630081000
5830013034
6438042058
0233601020
8482678006
8179073000
8379073013
6690045004
0336047002
4236012010
8926059009
4686061007
0454550004
3246131067
9679113073
5249039017
6710045002
6750045013
6034012001
9875094008
3949108000
9841164019
2833019008
9991160009
5946052003
9893161039
5970013056
4911421464
0004577020
3303051017
8737645017
2916080005
9143094007
0389322436
3404922026
1958120003
0588394003
1053274008
1905893022
7655062022
4150422150
8637112048
5477071010
2710125010
1721034001
0171744004
8821030002
8935158042
4883820008
5967077000
9282060001
4462078006
4246723039
1504178019
5042030147
9469000118
0462087001
9262060005
5118390010
0044120078
1247038018
0536120000
9501005017
0565094028
2391036009
2411036007
1628001017
2942515006
7645094021
5740964019
1582133007
0972099013
7665094027
4164132016
0932099011
0992099019
0952099017
8625028013
2891478007
9036041003
8399140015
8379140019
2758052034
1149065002
9661077004
8377132000
7057127015
3117033005
8017203019
2698135001
5114107019
9787798000
6510058050
0767446319
9618088000
9051050017
5074107006
2398052038
9402694025
8596131009
7341039000
4228047045
4242112058
7802109027
8702048019
3025111016
3185111007
2945125004
9840099004
4501046004
2778052012
4806124027
0970000027
9967076016
9619110001
6917546015
9861601004
4404055012
5643056012
6334079002
8664118001
8684118007
6321096008
7518040024
0534078003
0313256049
2528082002
8822049023
6341055058
5125018023
7578040004
8392426003
0360937006
0443139026
7614080006
1549090012
1785303005
4933044005
6402054019
8408023001
6651021015
7311017014
2605058000
7311505000
6845103046
6029112003
5970129013
1449822021
3026061006
2220079007
0580061007
4928089001
7461082054
6956071011
8686125028
8666125031
4611096018
2377097000
1060055004
4080112021
8245870015
8606125006
9577077009
0557020149
1952330265
5856001052
0151174015
8181010004
1448013028
4824007001
6672053008
4844007007
0158054007
6685991017
5329012058
4564007007
4403065032
4338008007
9965003006
5309012016
3106012009
4226012008
3606034023
4266034015
1731092006
9832015003
9712166016
6861004020
7221922002
1878010006
9850729000
4870516068
5428013008
6468013001
4113066018
0183080024
5389832049
9633160012
0678008010
0854041008
0274001062
9782031000
5602010010
8138006058
9696411014
5289415251
0757022003
9812015007
5138119039
8918095019
1607066018
9615493009
0670515063
0073646009
4806034019
8215015006
5075012015
0777022009
6867068028
6059069015
6687908010
1627074025
9592662013
6169066000
6269066011
3312074037
1933074028
9155108025
8705906009
9167119010
3529011008
6149066004
6249066024
2541111006
4209000031
5999081029
0459147025
9775137024
6621060040
4335096023
2599060001
6665089016
1385057019
0205777028
6997775001
0133130015
0050012005
0067165002
3550019007
4012108024
2129043038
0507007007
0527007003
2481015018
6281004024
6481004046
6521004013
6761004019
6763333013
6781004097
7641004012
7961004014
8661004019
6621004015
7241004050
8181004015
5227850003
8581004059
8081004040
7941004018
6341004079
0134114006
2379400087
8361004031
8421004059
8241004079
1787002047
8043117075
6003880060
3693921044
8281004017
7101004038
2253806023
8521004079
8101001010
6461004068
2693100044
6007500027
9175019001
0913668023
8121004026
0908760038
9849046018
6381004017
4080552016
5497087005
5823866007
1519002004
7777945004
6801004031
1836247012
0820176010
1787438056
0013074005
4701100007
6817897006
0237615002
6725011045
3446890001
2067015027
7785059008
3208025006
8966079003
7677394005
6217418003
9869641000
6745059005
0413308004
3892983008
4993919336
1634086008
8017201024
3651806006
9197136001
7922114026
1162116002
1182116008
3262134077
5082135005
9585028001
2142135002
8922125057
4325051003
8942125017
7841131018
7662050005
7861131005
7881131001
7745124044
5817320027
7902114020
3382117001
2706012000
0826012006
0311176002
9605028009
5722135001
2582135002
9401731010
0062161013
2141051007
4525407009
2121051001
5645017013
1657995000
7470108025
8361118021
7543121014
3075292002
0846012039
1311426017
3147047035
0663743002
3465130002
1499950034
9445028016
2667015001
2747015007
4101128003
2703551019
4187005003
2161051003
8126119004
4461120001
1381126004
9786109027
5910082008
3127047002
4867126069
4961046028
8947277007
4887126001
4907126009
1081093004
8644223001
5830042008
1035836000
1587248003
2379317014
3787005004
7561506006
0199679028
6465025009
4990069008
5950082000
3848125023
3828125027
8402244006
3268057006
9588988022
0710041008
8468069005
3891319022
8487010004
8822340016
2389127004
6851110075
9987028016
5530118038
9511112010
0163008008
5930082004
1289108006
9893588003
8128125019
8729117031
9792784081
3890110089
3870110047
3950110034
9439670004
2990044018
9943194008
6089116036
1591972003
9805777001
7769085008
3068036003
3368026003
7912056008
5069133003
4612033024
2599335012
2735043019
8435107018
6853123016
1623183014
8807816000
8127750009
0553001004
2072112033
2792115016
2772115001
0914114006
2372107010
1275125008
1535958038
0183203009
8633110039
9483032005
8735028027
8069817016
8812043000
0876672007
5352029009
5637027005
9976028028
7817025001
8454116019
8474116015
0393364004
8143134032
5677031001
7755693001
1397019001
4477118008
8167410002
2016100004
8755028005
0936098010
9924649006
7877025009
1736124003
6757026007
5925309007
0763729004
9094025018
8937028001
0479041006
8514116019
8135076003
0559041002
1515125006
3599041007
7157019001
6313091035
0114020003
3017062157
7339041018
7527229006
9479155004
6578028016
9115874004
4399419002
1697027009
6839097000
7177293003
0399041000
2311127001
9369128011
3922504008
7598040000
4397124000
4787879005
8424222004
7699036119
2878040041
4499135021
2099129096
9758124023
9703249011
5277337000
5759037007
0380165024
4380163006
3558072042
2525124012
9140169007
9599135028
9520074005
0380166003
2560089001
3200172017
0619353016
6991533009
6485059029
9120169001
2125109008
8365055007
0918640016
8548122012
8323125031
4945022019
2404013021
2467107000
2507107004
2527107019
3707110006
4837445015
3768017002
3028014005
1589055104
3202568057
6247479005
3659037021
3796107011
4736107014
2659113025
9621129001
5681051002
1039011027
9602104011
3758058000
3778058006
8521136003
9961059011
3561058001
7907993003
4388028004
7099128030
1288097040
0599128006
2353812050
7239128045
9259064008
3868104039
8128518318
5517425003
4985018099
2751061008
9341740000
0188767008
6647082000
1767019019
4706006004
6919128015
9213215009
2914075006
3452065005
7755069005
5623022001
8486119035
0463721011
2357071037
4370024001
9787792008
1118134027
4119445004
2027062006
1099418257
6089002019
2603011009
0844002008
7286090003
0290024001
7306090001
2137071019
7346090003
7390013034
0126061005
0186061003
9110072000
6650045020
1749011006
4451070030
4872015000
2589022017
4352074021
2609022015
4308069010
1590125019
0291144002
8754695002
8170012001
4359342004
6513851008
9130005014
8354124000
9190005012
7410013005
6703108012
4195918260
1492035034
2007062000
0872113016
4129911015
5099418251
0632026003
6854057002
8474025019
0652026009
4345896008
7370013001
8272691011
2474123005
7074124009
9821591001
8809713002
1098134001
7175267023
9085691031
7671022000
3397041005
5074080019
8195918264
9151001007
5295872039
3774080011
4650018003
7098576005
0609301000
0067415007
4506323355
9972121000
8941647014
6840058019
4052116019
7820058005
8000058004
9967598017
0057113005
2436117049
7049373003
7177388016
4534123007
6660129015
8152781003
9894691009
4578133001
1318133006
9619179019
4218066001
9952198005
6860058006
6860129019
5500180026
6409874000
3723102004
6037098003
0785068064
1798134005
2518134008
5829047006
0498134008
5889047004
6720129015
6760129017
6800129011
6820129017
6170084005
1339743002
6840129013
1841032005
3301075082
3084337023
6163081012
1283069037
5869047008
6700129019
6740129011
5550118034
6780129013
0576290018
5769091013
9727173005
5585051006
6680129011
0951575009
1845111025
3574035003
5919015003
1888086012
1908086010
8588091005
9935648033
6212066018
3594035009
3955901008
4618101021
2913073044
2793765010
0666629027
9657060019
9613974001
4679016029
5759015029
5899015005
1357137002
9575992003
4739129012
3092007025
3152007034
3699002002
2167019018
7336049003
2421106025
2441106067
2461106018
7743041015
7024016007
2743015001
7127515018
1978101004
3663015006
4147018017
7183014009
4619129023
7203014007
7243014009
0404018006
7344017006
4067018011
2407019016
7227012014
0743015009
7287012012
9606001002
7347012012
8063014002
7407012012
7427012018
4047018015
7507012014
7067012012
7087012018
7567012012
7127012012
7147012018
7187012010
7207012018
8805009034
2364008008
2043207005
7747012010
7767012016
7247012010
7807012010
0286015012
7307012010
7327012016
7348000007
7387012014
7487012016
7527012010
3027001013
7547012016
7607012016
7670086000
8129035014
7107012016
7627012012
2491013008
7167012014
2605099038
3932014002
7667012032
7707012018
1632004008
7787012012
7267012016
2643433007
3413019005
8988016037
7367012018
6947012004
7467012010
0381598009
1030000000
7530013003
3290083003
7587012018
6817007002
6651014001
6831014009
3631013005
7647012018
3912014006
7412018008
7687012010
7727012014
1029159001
9507023019
4287817005
0248001005
5335016017
0432326371
8997008007
0077017004
6461329015
7372018004
0921061010
2560039001
2212004005
8818020001
2163136009
8873014001
7366126013
9692120003
2598133005
3321003000
8323295010
6677007006
9021131018
2292108011
0257017002
8667845005
0828155013
8082010006
9123556006
2760039005
2070258018
6740048039
0899084005
2183136005
8755175009
5402006003
0142016019
7365433000
6529869007
9540192004
7162050050
2761969002
7531380012
9001131012
5143035022
7066082001
2004056000
3824057019
4132972004
2920039007
2795451000
6952537009
1468001042
6720048033
9967590002
0932014045
2038761001
9661199014
1458198001
9871202004
7672257016
9741142002
9700615013
1508016001
1948018014
3469965001
4205947006
4831088034
7873911004
0269842015
2899463008
3127001006
2568866000
9237134001
7536011012
9156012028
8177233008
9845730037
8518062003
5914047023
0255140008
1361296005
2901093009
2034247279
2039068027
1599068024
4087495005
5803014007
7782082005
0798115009
8974442001
1167061002
4848427005
8827061010
8157283020
1187061008
1688013006
8245544001
1248009057
5237442004
9659444004
7742082003
3453087023
0777059006
4608029003
0267166003
8380141022
2010042003
2030042009
4369039005
6981478064
5277070019
1708013004
9724379005
9558542027
7679024015
1990042004
1375304001
0258628009
8350053000
8135528020
8634095013
8654095019
3473087029
5040101009
6930110022
7635116001
8597077013
7765827000
5697041003
2438112015
2458112020
3106059002
9753074091
0640103000
2620102009
5060101005
1695002004
9591159008
9076016002
6291795032
4662029016
3162096016
7315556003
7615116005
1462064009
8289703008
5182103005
0847310034
3157742065
1600102002
5080101001
3715041001
9901201017
9086003017
5485055002
1961064005
0497605053
2503011016
8097682014
0309113004
6871068027
2053040003
2253040007
2213040005
2273040003
4373042001
2033040007
6352349025
6556051002
2597052001
6895023413
2977052003
1509438083
2176049006
2536049002
6797050005
8677054007
8697054003
8198058005
4443053007
4423053001
5725101016
6887015014
8053427015
2831028018
3049489002
8632193007
4171028009
4362107000
0436129001
0373473002
6791029006
0250824009
0031608009
0831028007
9369259002
9487147007
0831029004
9599145006
0836625006
0871029006
9968607006
3318775006
5247353005
5492368005
0459351001
6631029006
6805137004
0158735007
7687810007
8919676009
1253353008
9171514005
9283814003
9573989008
9893205009
9900204005
8357742000
9782317005
5871028004
2763716009
6619081075
8863143004
0495112000
4915095022
5420103005
3300080007
0254124046
0037074034
9788138026
9986133009
5608500004
6871029002
4739031017
5823870001
1013059009
5735113000
4893135007
0028069007
7687071000
7368065040
7268065011
9377074004
7161017006
9397074000
3669065028
9417074008
3999545008
6292149392
2648013041
3011061058
1291065034
8437972004
4650096007
7927130002
5768066025
7645251008
9017827001
8037864009
5217819018
7769067000
2629094008
4630096001
1911422011
9109094018
1570097023
9128188008
7734092013
4316399009
4673035548
1452091003
6733373027
0112066029
4730069006
7717701040
2850065013
0282145297
0382147293
8600704003
3373066019
7328097004
0151138019
3771061130
0991065028
4761073085
4670096003
8174095006
9154095010
8087959008
7661083000
9053075012
2149094004
7211070046
9981623008
9854074006
4122037007
4843109002
9682902002
7301083006
8154095019
6261083001
9413075009
7841083008
9393075010
5801083004
5776126003
3879804004
9745834001
3541109007
6142085001
2503072019
3942120008
3421075008
3881075004
6861083003
3123838016
6681083005
3982102002
7735754003
8153760008
8419362000
2588442122
8512202003
3741109001
8705077012
3883109003
4081109000
4102037001
8821662004
9883632003
9979188003
4565964010
2287063005
3901075002
8902649010
6747064004
6033439017
7799257012
3556918009
7207063006
7427064003
8823543002
6237336002
8764712001
3561109003
3985091006
9883205006
2694880005
0227063005
0827063007
1367063000
4507064006
1547063008
0731946017
5227064007
2767063009
6407064006
6927064002
3047063000
7467063008
1868072003
9169882007
7887063002
3948072001
4181121017
8467063009
9327063006
8733736008
7027063008
3307063004
3547064007
3967064001
4207064000
4747064002
4987064008
5727064007
2667063007
6207064002
6867063005
0181120016
6987063049
3772558472
5168073000
6948073001
8727063003
9067063002
7248073008
9667063004
7769441042
8628073001
8971129501
1409044007
1509044009
2509044000
2805447332
9810135006
4227064006
5768072005
6248072000
6107064000
3208067086
0171021006
2081129500
5231087027
8181121011
3067063006
5467064003
3289044009
4537374006
4814087006
3810077003
4190077004
2213076014
0047076004
5732087003
6651088001
2769044002
0953076036
1254063067
1419147006
3032106016
3433087009
3052106003
0254063182
0654063091
1474063012
0414063013
0674063015
0894063015
1014063016
8434069019
1174063169
5251110009
1274063189
1374063154
1354063149
1394063187
9334058006
0136086005
1454063105
1654063163
0274063017
9436085003
0494063017
0574063013
0514063060
0794063013
2096092001
0734063088
1734063016
3756092004
1294063014
1437090000
1634063014
6427830015
1234063043
8834088003
8317089006
0074031020
0776086116
1216087009
9821181005
8276085019
1594063029
1516092006
1536092011
1194063012
3676092008
1578072000
1574063014
0774063035
0054063017
4656079000
9934063018
5797088008
9295068002
5897089007
9613103002
7605874009
2817065019
0358072009
0378072005
0878072005
3536092004
1358072000
2058072005
0513103001
2538072009
2998072005
0174063015
2637089002
9878072004
7857102032
2797065002
7877061005
9378072004
0274855006
1579297001
4753537007
0243184009
4023301004
6243999015
7770230019
8053737016
9377224004
1119093007
2559093008
6539093006
0799091008
6099089000
5599119020
6211490010
0223599004
6079089022
3239091003
2659091006
1219091005
0779091002
1219093045
2919093004
6719093004
9560176006
6359093008
5439093003
0801825132
5199093005
4601823138
0969716005
4522947006
0136524411
4759093004
4399093008
0358077004
3879093001
3399093007
1979093001
1579093003
8601824139
2182084002
2214070007
9540176000
2762084008
3039091009
6957957001
4124525466
1399091001
7414437458
8801827134
9380176008
7531851007
8002082008
2901827130
2701824135
3414436457
0321083005
0341083001
4699093004
0401083001
0657903001
1021084007
1056317000
6181526005
9520176004
2901079009
6701825136
2902084004
1981049004
4565529002
6022082002
3061049002
9140176039
2721049003
4723394012
9094405007
9985581001
3293995000
2162084006
6922108009
6862108027
1101084003
6962108001
7082108019
7022108002
3101049006
6641047007
2202084000
2257966002
6001066008
2821049005
4756522222
5180746280
6101066000
9043260009
6442108014
9610710005
6902108003
2822084026
6802108001
6662108005
6722108005
6702108018
7062108004
2189096028
7182108002
6882108005
7262108008
7282108013
9441048012
7322108017
1881049002
7162108006
7202108019
7442108015
7422108000
7542108008
7582108000
6382108005
6402108003
6502108014
6562108012
6742108010
8380253009
8659809004
6542108007
6762108007
6942108005
2501049003
7122108004
6982108016
0744079016
7002108006
2084080019
2824080017
7042108008
7342108013
3264080054
7242108002
7362108019
7222108006
7382108006
7142108000
7302108002
7402108013
7482108017
7502108015
7522108011
8082108001
7562108013
6602108007
6822108016
8182108012
8242108012
1484079013
3164080016
3584080010
7102108008
6202444000
7462108002
8022108012
8062108005
7141945009
8162108016
8262108018
6842108012
7742108002
7782108004
8362108001
6362108009
8382108007
8402108005
7922108019
9311297005
7602108008
8002108016
7622108013
7642108000
8102108018
8122108005
7662108015
7682108002
8142108010
6682108001
7702108000
8202108001
8302108003
7802108002
8282108005
8322108009
8342108005
7882108015
7902108004
7962108011
7982108017
8422108001
6482108016
6522108001
6467078008
6487078004
7532721008
6462108010
6642108009
3148111007
7722108042
4026058000
7762108008
7822108017
7842108013
7862108019
3288111001
9311200002
6422108009
2709099009
6582108009
6622108012
7728025006
0247051001
5331036004
8324423330
3335123015
7325440003
7533895007
4426058008
0654104024
0734104002
8388023003
0250013051
0551016007
0991016007
9277205007
1171065027
2148773006
6689078006
3336108030
3416108009
6669078000
3516108001
2689099001
5735108009
8292447000
5531037005
0155694054
8845291007
8155108015
1483249048
7109474014
8363133035
1055367006
3031057023
0152073008
0172073004
5934035065
3456108001
3556108049
3616108003
5291036000
5795108007
3555044000
5041046025
0817063004
4304828004
9808768004
3442005006
9909763014
6800038006
6860038004
8035108008
9105799003
3995816462
5755108005
2138048014
4067035067
9427198006
2670149052
7880115003
6182063007
0343135008
6900038008
7979078000
2485123011
7485024027
0976712080
5001046032
6920038004
0525448042
4101073003
4087035054
4107035070
4897136000
8017300004
1787011028
1188013033
1590075005
0075002014
6877355001
8710075002
5737790005
6410075004
1311067009
3258079009
7992071009
4614109003
0389078004
6754072016
6357383009
4119443000
8536072007
1337077005
2301079007
2341079009
4524081001
2119129058
9588526004
1098075043
5522107003
4970132000
3178079003
0609878033
9957048000
9997048002
8757887048
4964080013
8923076008
8761059007
9229775007
1126068023
1146068029
6601004019
1713919004
6581004011
3408104015
1417093005
1457093007
1557093009
2117100028
5517093029
7501892009
2170012014
0345077018
5753105006
8494001006
7474033001
1317093003
1745535443
4117093002
5476999028
0786836011
4940080020
8952065019
7933919019
9494092008
7107272003
0502125019
7400473017
9801179009
8877099000
7214033009
1917506016
2101005030
5821144017
6191745012
2905089001
8953450003
6505398001
8121372010
5668435019
5980888010
9302242001
0321133000
0959039019
0881134005
4143077001
8710696010
0341133006
0441133008
0481133000
7963046001
0901134003
0961134029
0921134009
0461133004
0741134001
0761134007
0887628015
4123077005
4063077005
0721134005
0501133008
0781134003
6843138005
0381133008
0621134003
0941134005
0175002016
9485232021
3710446006
4537118008
5089037002
4597118006
4657118006
5477044004
3677118001
0361133002
1419284004
0195002012
9634114005
8827931133
8426033505
0976054001
4557118004
4817118008
9978158001
4497118004
9872237001
4577118000
3293038000
7312113006
2219073008
2259073000
1843138019
6868032595
8401365006
8652325087
0249043016
4637118000
8866956003
5258119000
3053406002
2239073013
6147931008
4914096016
6698059028
9829210003
4064548003
8841031005
