PremiseId
0004577020
0013074005
0013113007
0018680003
0021024019
0028069007
0029578005
0030093004
0031608009
0034001002
0037074034
0041051003
0044120078
0047076004
0050012005
0054052014
0054063017
0057113005
0061024011
0061043007
0062161013
0067165002
0067415007
0070010007
0071106002
0073646009
0074031020
0075002014
0077017004
0079028023
0083065025
0087170009
0096669000
0107034088
0107205005
0112066029
0114020003
0123164027
0126061005
0128035030
0129145008
0130228027
0133130015
0134114006
0136086005
0136524411
0142016019
0143012015
0146002002
0147649009
0151138019
0151174015
0152073008
0153651006
0155694054
0158054007
0158735007
0163008008
0163182009
0166002008
0167034086
0171021006
0171744004
0172073004
0174063015
0175002016
0175099000
0181120016
0182015014
0182082033
0183080024
0183203009
0186061003
0188767008
0190622523
0195002012
0195588008
0199679028
0205777028
0210008012
0213137001
0223599004
0225066008
0227063005
0227141004
0230008027
0232328004
0233601020
0236809019
0237615002
0241809003
0243184009
0243826002
0247051001
0248001005
0249043016
0250013051
0250824009
0254063182
0254124046
0255140008
0257017002
0257073000
0258628009
0267166003
0268097007
0269842015
0270843000
0274001062
0274063017
0274855006
0282145297
0283161008
0286015012
0289076008
0289386009
0290024001
0291144002
0297679013
0306040004
0309113004
0311176002
0313256049
0316047006
0316798008
0318625008
0321083005
0321133000
0321897009
0336047002
0337077004
0341083001
0341133006
0343135008
0345013005
0345077018
0345600008
0346009005
0348135008
0356047008
0358015013
0358072009
0358077004
0360937006
0361133002
0367142005
0370008012
0373473002
0375285000
0375671006
0378072005
0379083002
0380165024
0380166003
0380171004
0381133008
0381477005
0381598009
0382120005
0382147293
0383958003
0384059009
0389078004
0389322436
0390008018
0390010009
0393364004
0396010003
0399041000
0400978001
0401083001
0401092019
0404018006
0409506001
0410010007
0413308004
0414063013
0425008000
0431683000
0432326371
0436129001
0441133008
0443139026
0445060006
0450008018
0451633006
0454550004
0457077002
0459147025
0459351001
0461133004
0462087001
0463721011
0464134012
0465060002
0474104026
0477577003
0479041006
0479176004
0481023009
0481133000
0490022001
0494063017
0495112000
0496060023
0497605053
0498134008
0499084007
0501133008
0502022004
0502125019
0507007007
0513103001
0514063060
0518122006
0525448042
0527007003
0534078003
0536120000
0543170010
0550106011
0551016007
0553001004
0553686034
0557020149
0559041002
0565094028
0573067026
0574063013
0576290018
0579721001
0580061007
0588394003
0599128006
0609301000
0609878033
0615613002
0619353016
0619730004
0620180001
0621134003
0626014006
0632026003
0640103000
0643736001
0646081012
0652026009
0654063091
0654104024
0657903001
0663743002
0666629027
0669909004
0670515063
0674063015
0678008010
0689024002
0693001008
0709024000
0710041008
0721076008
0721134005
0726081009
0729562001
0731946017
0734063088
0734104002
0741134001
0743015009
0744079016
0757022003
0757625095
0761134007
0763085007
0763729004
0767446319
0774063035
0776086116
0777022009
0777059006
0777666001
0779091002
0781134003
0783160001
0785068064
0786836011
0790010007
0794063013
0797138008
0798115009
0799091008
0801825132
0807032524
0815006001
0817063004
0819142008
0820176010
0826012006
0827063007
0828155013
0831028007
0831029004
0831716002
0832019002
0832078047
0836625006
0837134004
0844002008
0846012039
0847310034
0851080030
0852019008
0854041008
0858271002
0862009014
0863005010
0866055003
0871029006
0872113016
0875101018
0876672007
0878072005
0881134005
0887628015
0888280019
0894063015
0899084005
0901134003
0908760038
0913668023
0914114006
0918640016
0919028005
0921061010
0921134009
0921410004
0926024008
0926081003
0932014045
0932099011
0936098010
0941068006
0941134005
0943763004
0950100026
0951575009
0952099017
0953002009
0953076036
0955010009
0959039019
0961134029
0962240008
0963698017
0964010008
0966081005
0967623294
0969172003
0969716005
0970000027
0970010005
0972099013
0974001002
0976054001
0976712080
0982091001
0991016007
0991065028
0992099019
0999014005
1011354010
1013059009
1014063016
1014081005
1021084007
1025110008
1029015004
1029159001
1030000000
1033001009
1033309000
1035836000
1039011027
1044118006
1046081002
1053274008
1055367006
1056317000
1060055004
1066081017
1079015009
1081047011
1081093004
1092009009
1093317000
1093687025
1098001016
1098075043
1098134001
1099418257
1101084003
1101225004
1115381006
1118134018
1118134027
1119093007
1126068023
1128325003
1136010002
1146068029
1149065002
1150010004
1158684006
1159388003
1159645012
1162001015
1162116002
1167061002
1171065027
1173180009
1174063169
1182116008
1186081006
1187061008
1188013033
1192021007
1194063012
1207191018
1216010026
1216087009
1218982025
1219091005
1219093045
1226081019
1234063043
1236070019
1247038018
1248009057
1253353008
1254063067
1256012004
1256070015
1259113008
1266010003
1271038004
1273010059
1274063189
1275002000
1275125008
1276012000
1283069037
1283180004
1286081035
1287207006
1288097040
1289108006
1290049009
1291065034
1291426000
1294063014
1308021008
1311067009
1311426017
1312116001
1313077021
1317093003
1318133006
1318134003
1337077005
1339743002
1345095008
1347671006
1354013005
1354063149
1357137002
1358072000
1361296005
1367063000
1372077007
1374063154
1375304001
1375676002
1380183005
1381126004
1382115050
1385057019
1394063187
1396012008
1397019001
1399091001
1402094009
1402115058
1408054009
1409015006
1409044007
1409081000
1416070017
1417093005
1419147006
1419284004
1422094005
1425008001
1437090000
1442008005
1442115050
1448013028
1449081002
1449822021
1452091003
1454063105
1457093007
1458198001
1462064009
1468001042
1474063012
1474065007
1479659009
1482025017
1483249048
1484079013
1492035034
1494065003
1495474006
1496023003
1499950034
1501002009
1503260009
1504178019
1508016001
1509044009
1509438083
1513074042
1515125006
1516092006
1518081001
1519000000
1519002004
1527092049
1535958038
1536092011
1537124003
1538081007
1547063008
1549090012
1552019003
1557093009
1557124009
1558115031
1561142006
1570097023
1574063014
1578072000
1578115019
1579093003
1579297001
1582133007
1583495006
1587248003
1589055104
1590075005
1590125019
1591972003
1594063029
1594074004
1599068024
1600102002
1607066018
1608013002
1613693003
1618009001
1623183014
1627074025
1628001017
1632004008
1634063014
1634086008
1649016009
1653003001
1654063163
1657995000
1658001061
1659138003
1664727003
1665129001
1666007004
1674008015
1674064004
1677518027
1686007000
1688013006
1695002004
1697027009
1708013004
1713009003
1713919004
1718075007
1721034001
1726046029
1731092006
1734063016
1736124003
1743094001
1745027008
1745129007
1745535443
1746046016
1749011006
1750028008
1767011013
1767019019
1784008001
1784073026
1785303005
1787002047
1787011019
1787011028
1787438056
1798134005
1807011017
1809043008
1816001001
1817023001
1821201004
1827011022
1829747007
1836247012
1841032005
1843138019
1845111025
1848404009
1868072003
1870028015
1875133002
1878010006
1881049002
1888086012
1899037007
1905893022
1907011000
1907816005
1908086010
1911422011
1917506016
1918959002
1919037005
1929021000
1933074028
1939037001
1942382006
1948018014
1952330265
1958120003
1959037007
1961064005
1967011008
1978101004
1979037003
1979093001
1981049004
1983283004
1990042004
1990115002
1994287009
1999000002
1999037009
2004056000
2007062000
2010042003
2016100004
2019131001
2027011009
2027062006
2030042009
2033040007
2034247279
2038761001
2039037004
2039068027
2043207005
2050623519
2051704031
2053040003
2053064003
2058028034
2058072005
2059037000
2064009009
2067011001
2067015018
2067015027
2070258018
2072112033
2079037006
2081080026
2081129500
2084080019
2087011007
2096092001
2098520008
2099037002
2099129096
2101005030
2116006030
2117100028
2118101001
2119129058
2121051001
2125109008
2126771008
2129043038
2137071019
2138048014
2139037006
2141051007
2142135002
2148773006
2149094004
2157006009
2161051003
2162084006
2163136009
2163334005
2167019018
2170012014
2173085028
2176049006
2182084002
2183136005
2189096028
2192000009
2196006016
2197970015
2199037004
2201028017
2202084000
2203543008
2207011007
2208823001
2212004005
2213040005
2213076014
2214070007
2216006014
2219037002
2219073008
2220079007
2225024011
2227011003
2236006010
2236100004
2239073013
2249028002
2253040007
2253806023
2255043006
2257966002
2259037004
2259073000
2259289008
2265952012
2273040003
2279037000
2286000004
2287025005
2287063005
2292108011
2298334006
2299264003
2301079007
2305102007
2311127001
2312108000
2313905003
2319037004
2322078000
2341079009
2342078006
2345094020
2346007003
2347692006
2353812050
2357071037
2358119009
2359037006
2364008008
2372107010
2377097000
2378008007
2379317014
2379400087
2381580009
2389127004
2391036009
2397014016
2398052038
2403011005
2403020013
2403977008
2404013021
2406007003
2407019016
2408058008
2410621011
2411036007
2416006009
2419037006
2421106025
2422090008
2428058004
2436117049
2437519001
2438112015
2439037002
2441015043
2441106067
2443702012
2453310179
2458112020
2459037008
2461106018
2466012002
2467107000
2469022000
2469615112
2470071000
2473348008
2474123005
2479037004
2481015018
2485123011
2487026006
2487854064
2489022006
2490071006
2491013008
2499037000
2501026000
2501049003
2503011016
2503072019
2507107004
2509044000
2513445097
2514102037
2518134008
2525124012
2527107019
2528082002
2536006007
2536049002
2538072009
2538115009
2539037004
2541079003
2541111006
2541140007
2541383002
2559037000
2559093008
2559722004
2560039001
2560089001
2563020022
2566333044
2568866000
2572122002
2582135002
2587024004
2588442122
2589022017
2589043007
2594099002
2596002007
2597052001
2598133005
2599037002
2599060001
2599335012
2600031009
2601012008
2603011009
2603075021
2605058000
2605099038
2606718176
2608049003
2609006011
2609022015
2613274009
2616002005
2619037000
2620102009
2623075036
2628021001
2629006017
2629094008
2630093008
2637089002
2640137017
2643075032
2643433007
2648013041
2656002007
2659037002
2659091006
2659113025
2665099009
2667015001
2667063007
2670149052
2689099001
2693100044
2694880005
2698135001
2699037004
2701824135
2703551019
2704120009
2705012006
2706012000
2709008008
2709099009
2709129002
2710125010
2712879002
2719037002
2719494016
2721049003
2735043019
2740061010
2743015001
2747015007
2751061008
2755113003
2756006007
2757101001
2758052034
2760039005
2761773006
2761969002
2762084008
2763716009
2767063009
2768073009
2769044002
2772115001
2778052012
2779037000
2784030004
2792115016
2793765010
2795451000
2797065002
2802088000
2805447332
2808073003
2817065019
2819037004
2821049005
2822084026
2824080017
2828073009
2831028018
2833019008
2850065013
2859037006
2865262006
2869078000
2878040041
2886022011
2888121008
2890024014
2891478007
2895341001
2899037008
2899463008
2901079009
2901093009
2901827130
2902084004
2905089001
2913073044
2913770002
2914075006
2916080005
2919037006
2919093004
2920039007
2934064009
2937041017
2939037002
2942515006
2945125004
2970007000
2972107030
2977052003
2990044018
2991824001
2998072005
2999037000
3003349007
3008121009
3011061058
3017062157
3019037009
3025111016
3026061006
3027001013
3028014005
3031057023
3032106016
3039091009
3046072005
3047063000
3049489002
3052106003
3053406002
3057016004
3061049002
3067063006
3068036003
3071911024
3075292002
3084337023
3092007016
3092007025
3097016006
3099037003
3101049006
3106012009
3106059002
3110071007
3117033005
3123838016
3125033000
3127001006
3127047002
3132019001
3138131006
3139970007
3147047035
3148111007
3152007025
3152007034
3157742065
3159037003
3162096016
3164080016
3165007002
3173123015
3178079003
3178131008
3179037009
3185111007
3193123011
3198131004
3199037005
3200172017
3202568057
3208025006
3208067086
3213012002
3217916001
3218131002
3224119003
3232010000
3235105015
3238131035
3239037009
3239091003
3243424001
3246131067
3248121005
3252007045
3258079009
3259037005
3261079013
3262134077
3264080054
3268014010
3268057006
3270036008
3271935000
3273129000
3275012008
3275985033
3279129013
3283051000
3285059004
3288111001
3289044009
3290083003
3293038000
3293339002
3293995000
3299037007
3300080007
3301075082
3303051017
3307063004
3308121005
3312074037
3318775006
3321003000
3331996003
3332019005
3335123015
3336108030
3339037001
3349006009
3359037007
3367026090
3367496001
3368013006
3368026003
3371003005
3373066019
3375018002
3382117001
3397041005
3399002024
3399037009
3399093007
3401008029
3404922026
3408104015
3413019005
3414436457
3416108009
3421075008
3433087009
3436511100
3439037003
3442005006
3446890001
3452065005
3453087023
3453805003
3456108001
3459037009
3465130002
3469122006
3469965001
3473087029
3479069016
3485507009
3488009000
3490071007
3496111000
3499002017
3512116007
3516108001
3517464017
3519037009
3522043002
3525097011
3529011008
3536092004
3538055009
3539037005
3541109007
3542043008
3547064007
3550019007
3552077016
3554007012
3555044000
3556108049
3556918009
3558072042
3558112005
3559037001
3561058001
3561083004
3561109003
3572007001
3573791002
3574035003
3584080010
3594035009
3599041007
3606034023
3614042002
3616108003
3619037001
3631013005
3639037007
3651806006
3659002000
3659037021
3663015006
3663085008
3668017000
3669065028
3670036024
3675002000
3676092008
3677118001
3678041018
3681003004
3683555010
3693921044
3699002002
3707110006
3710446006
3711406006
3715041001
3723102004
3730008011
3736014013
3741109001
3744021004
3748017051
3750008017
3754017003
3756092004
3758058000
3768017002
3770008013
3771061130
3772558472
3774080011
3778058006
3783766006
3784021006
3787005004
3790008019
3792813241
3796107011
3801017008
3803077002
3804021013
3810008026 
3810077003
3819031003
3824057019
3828125027
3834019003
3839036004
3848125023
3853129015
3859036000
3860036007
3861043015
3865095024
3868104039
3870008015
3870110047
3879093001
3879804004
3881043011
3881075004
3883109003
3888841006
3890110089
3891319022
3892983008
3901075002
3903007002
3912014006
3915025001
3917409005
3922504008
3927318002
3932014002
3942120008
3948072001
3949108000
3950110034
3955901008
3957401001
3964908006
3966105003
3967064001
3968062029
3969410252
3981008005
3981027000
3982102002
3985091006
3993058006
3995816462
3996056059
3996079007
3999545008
4003026000
4006105008
4012108024
4012504008
4013058005
4013949001
4016056003
4021027005
4023301004
4026058000
4026105004
4029476000
4035127009
4036056009
4042093009
4047018015
4049011005
4052116019
4055053000
4057076010
4063077005
4064548003
4067018011
4067035067
4079017006
4080112021
4080552016
4081109000
4081128005
4087035054
4087495005
4090004009
4093102002
4101073003
4101128003
4102037001
4107035070
4113066018
4115079013
4117093002
4118021000
4119443000
4119445004
4122037007
4123026017
4123077005
4124525466
4126319000
4129911015
4130071004
4132972004
4134064014
4136048009
4143077001
4143921013
4147018017
4149122005
4150420003
4150422150
4156008001
4159037004
4164132016
4171028009
4172077006
4178066034
4179037000
4181121017
4183026015
4187005003
4190077004
4195918260
4205947006
4207064000
4209000031
4209058019
4218066001
4226012008
4227064006
4228019005
4228047045
4229058015
4234053166
4236012010
4238008014
4239037000
4240073012
4242112058
4246723039
4247724156
4248018013
4251089017
4259037006
4263526007
4266034015
4271089013
4279037002
4283014008
4284045114
4287817005
4292019002
4292108004
4299037008
4304828004
4308069010
4316399009
4319037006
4325051003
4335002003
4335096023
4338008007
4338628509
4339131005
4345896008
4350015015
4352074021
4355507027
4357955003
4359342004
4359505001
4362107000
4368533013
4369039005
4370024001
4373042001
4379037004
4380163006
4382107006
4388028004
4397124000
4398131009
4399017008
4399037000
4399059006
4399093008
4399419002
4400180005
4403065032
4404055012
4405049009
4406032204
4419037008
4419069000
4423053001
4426058008
4426090015
4427024006
4433123001
4433547001
4439037004
4443053007
4444108001
4451070030
4459037000
4461120001
4462078006
4463799004
4475010009
4477118008
4479037006
4489407001
4490023002
4493071019
4497118004
4499037002
4499135021
4501046004
4506323355
4507064006
4519037000
4522947006
4524081001
4525407009
4531031002
4534123007
4537118008
4537374006
4539037006
4540062015
4542001010
4545051003
4557118004
4559037002
4559143005
4564007007
4565051009
4565529002
4565964010
4569009029
4577118000
4578133001
4579037008
4581907006
4597118006
4599037004
4601823138
4608029003
4611096018
4612033024
4614073035
4614109003
4618101021
4619037002
4619129023
4627036064
4630081000
4630096001
4632825064
4635491006
4636012009
4637118000
4639037008
4649044015
4650018003
4650096007
4656079000
4656109058
4657118006
4659037004
4662029016
4670096003
4673035548
4676109054
4679016029
4686061007
4692042009
4692116004
4696109050
4699093004
4701032031
4701100007
4706006004
4707036051
4716109076
4719062007
4723394012
4726061001
4730069006
4734073015
4735003008
4736107014
4739031017
4739129012
4741032015
4743337004
4747064002
4753537007
4754073020
4755003004
4756522222
4759093004
4761073085
4777441008
4778134039
4781074015
4787879005
4799037008
4806034019
4806046000
4806124027
4814087006
4817118008
4822012013
4824007001
4831057057
4831088034
4836012012
4837445015
4839950019
4842043005
4843109002
4844007007
4848427005
4861108003
4864015005
4867126069
4870516068
4872015000
4878033002
4881002002
4883820008
4886001005
4886130001
4887126001
4892019004
4892035026
4893135007
4897136000
4904065009
4907126009
4911421464
4914096016
4915095022
4922012015
4928089001
4932109016
4933044005
4936123110
4940080020
4945022019
4952109003
4957061053
4961046028
4964069014
4964080013
4970132000
4977016009
4981518007
4983827009
4985018099
4987064008
4990069008
4992484003
4993854009
4993919336
5001046032
5005127001
5012116009
5014020015
5015064002
5025127007
5040101009
5041046025
5042030147
5060101005
5065090007
5069133003
5071019009
5074080019
5074107006
5075012015
5080101001
5082135005
5084022001
5089037002
5091057041
5099418251
5103528002
5114107019
5118390010
5125018023
5138119039
5139141044
5139150016
5139897005
5143035022
5153093009
5154519486
5163001004
5168073000
5179141037
5180746280
5182103005
5197949004
5199093005
5201539009
5211471023
5214003009
5217819018
5219015009
5226469026
5227064007
5227850003
5228089008
5228354000
5231057056
5231087027
5234003005
5237442004
5240034007
5247353005
5249039017
5251069016
5251110009
5258119000
5260112066
5261031088
5272042006
5277070019
5277337000
5282029006
5289415251
5291036000
5291110010
5294003012
5295872039
5302010005
5309012016
5315099038
5322025002
5325030014
5329012058
5331036004
5335016017
5336011025
5337061047
5352029009
5353037005
5356011021
5357061052
5360082001
5362014029
5374067012
5377998005
5389019000
5389832049
5394067018
5402006003
5409109016
5412055018
5420103005
5422044009
5428013008
5429042003
5432000037
5439093003
5458101002
5464089008
5467064003
5469047037
5476999028
5477044004
5477071010
5478083014
5481113003
5485055002
5492368005
5497087005
5500112055
5500180026
5516012002
5517093029
5517425003
5518098091
5521125007
5522107003
5523084009
5523470005
5528103009
5530118038
5531037005
5532390065
5534098037
5550118034
5557874026
5575502005
5585051006
5590916005
5594003009
5597124014
5598135002
5599119020
5602010010
5608500004
5614116009
5617124012
5623022001
5630108007
5637027005
5637124018
5642911005
5643056012
5643954004
5645017013
5657124014
5668435019
5673083009
5674098004
5677031001
5677124010
5678098019
5680142004
5681051002
5697041003
5697124016
5702010003
5711058057
5717124014
5722135001
5725101016
5727064007
5729973009
5732087003
5735108009
5735113000
5737061054
5737124010
5737790005
5740964019
5753105006
5755108005
5757124016
5759015029
5759037007
5761931001
5767107009
5768066025
5768072005
5769091013
5772065009
5776126003
5776154007
5777124012
5779882008
5780112062
5785902002
5789079013
5795108007
5797088008
5801083004
5801144011
5803014007
5807107058
5810108005
5814116003
5817320027
5821144017
5823866007
5823870001
5827107009
5829047006
5830013034
5830042008
5837124012
5840143003
5842093006
5855522007
5856001052
5856012000
5857124009
5857852008
5862093011
5868972002
5869047008
5869364013
5869833022
5871028004
5887379012
5889047004
5895868000
5897089007
5899015005
5910082008
5914047023
5917067009
5919015003
5920181009
5925075006
5925309007
5930082004
5934035065
5937067014
5940092003
5946052003
5950082000
5957067010
5961021111
5962372000
5967077000
5970013056
5970129013
5971058040
5980888010
5990025007
5997061047
5999081029
6001035003
6001066008
6003880060
6007077023
6007500027
6010025006
6017124002
6022082002
6025025009
6026418008
6027077038
6029112003
6033439017
6033913018
6034012001
6034042009
6037098003
6037365009
6039015002
6047077007
6049109011
6051087011
6059069015
6060112054
6075040001
6079089022
6083081007
6089002019
6089116036
6092099008
6093344048
6095040007
6099089000
6101066000
6107064000
6111058056
6130025013
6136012001
6137061053
6138005004
6142085001
6147931008
6149066004
6163081012
6169066000
6170084005
6172119001
6181526005
6182063007
6190128008
6191745012
6199004018
6202444000
6207064002
6211490010
6212066018
6217291011
6217418003
6232104000
6237336002
6243999015
6245078028
6247479005
6248072000
6249066024
6253623199
6253812007
6257292001
6261019001
6261043007
6261083001
6269066011
6271058047
6281004024
6281014002
6285015005
6289515006
6291795032
6292149392
6311008023
6313091035
6318387009
6320112067
6321096008
6327133000
6334079002
6341004079
6341055058
6342024002
6349808006
6352349025
6357383009
6359093008
6362012017
6362108009
6365075016
6372043122
6381004017
6382108005
6383107011
6384069001
6397777012
6401008004
6402054019
6402108003
6407064006
6409874000
6410075004
6410621015
6418008014
6421056051
6422108009
6427339004
6427830015
6438042058
6439035020
6442108014
6459035026
6461004068
6461329015
6462015001
6462108010
6465025009
6467078008
6468013001
6469398003
6476098009
6479035013
6481004046
6482024006
6482108016
6485059029
6487078004
6493137005
6497010005
6498119007
6502108014
6505398001
6510058050
6513851008
6518119014
6521004013
6521009027
6522108001
6528535002
6529869007
6539093006
6542108007
6549135002
6552000009
6556051002
6558820596
6562108012
6563024006
6573943009
6578028016
6581004011
6582108009
6583024002
6587127004
6600112058
6601004019
6602108007
6612068010
6613295002
6615001008
6619081075
6621004015
6621060040
6622108012
6631029006
6632011008
6640951002
6641047007
6642108009
6647082000
6648018004
6650045020
6651014001
6651021015
6651088001
6660129015
6662108005
6665089016
6669078000
6672053008
6675001006
6677007006
6678083000
6680129011
6681083005
6682108001
6685991017
6687908010
6689078006
6690045004
6698059028
6700129019
6701512009
6701825136
6702108018
6703108012
6707032528
6708059005
6710045002
6719093004
6720048033
6720129015
6722108005
6723999000
6725011027
6725011045
6726072006
6733004009
6733083000
6733373027
6735569003
6740048039
6740129011
6742108010
6745059005
6747064004
6750045013
6751058050
6754072016
6757026007
6760129017
6761004019
6762108007
6763055005
6763333013
6767270008
6768118007
6771003006
6780129013
6781004097
6791029006
6797050005
6800038006
6800129011
6801004031
6802108001
6803110005
6805137004
6809000008
6817007002
6817897006
6818054005
6820129017
6820979008
6822108016
6823110001
6825060004
6829275001
6831014009
6833808009
6838098003
6839097000
6840058019
6840129013
6842108012
6843138005
6845060000
6845103046
6851110075
6853123016
6854057002
6854125005
6860038004
6860058006
6860129019
6861004020
6861083003
6862108027
6867063005
6867068028
6868032595
6871029002
6871068027
6872006003
6873859008
6876123005
6877355001
6881264004
6882108005
6887015014
6891058054
6892043002
6895023413
6897410003
6900038008
6902108003
6907127008
6908015007
6912071004
6916046007
6917546015
6919128015
6920038004
6922108009
6923000002
6927064002
6927882019
6930110022
6934019017
6939381036
6942108005
6945022002
6947012004
6947888017
6948073001
6952537009
6956071011
6957957001
6962024000
6962108001
6973017002
6981478064
6982078013
6982108016
6987063049
6991533009
6993003004
6993017008
6997775001
7001529001
7002108006
7005125009
7022108002
7024016007
7027063008
7027845000
7035002000
7042108008
7049373003
7057127015
7059024044
7062108004
7066082001
7067012012
7068017002
7072043010
7074124009
7082108019
7087012018
7088017008
7093464000
7098576005
7099128030
7099138009
7101004038
7102108008
7107012016
7107272003
7109474014
7113016002
7120112046
7122108004
7127012012
7127515018
7131973000
7141945009
7142108000
7147012018
7153023009
7153076000
7155303028
7157019001
7161017006
7161043006
7162050050
7162108006
7167012014
7170010006
7173076006
7175015056
7175267023
7177293003
7177388016
7182108002
7183014009
7184021017
7185247015
7187012010
7192765000
7193076002
7197083003
7198004006
7202108019
7203014007
7207012018
7207063006
7211070046
7211779008
7214033009
7221922002
7222108006
7225067002
7227012014
7239128045
7239147004
7241004050
7242108002
7243014009
7247012010
7248073008
7261921007
7262108008
7267012016
7268065011
7271058057
7282108013
7286090003
7287012012
7289020003
7292225085
7301083006
7302108002
7306090001
7307012010
7311017014
7311505000
7312113006
7315556003
7316046024
7322108017
7323053020
7325440003
7327012016
7327127049
7328097004
7328738000
7336049003
7339041018
7341039000
7342010009
7342108013
7344017006
7346090003
7347012012
7348000007
7350010004
7357113008
7362108019
7365433000
7366126013
7367012018
7368065040
7370013001
7372018004
7380112048
7382108006
7387012014
7389102011
7390013034
7397129008
7400473017
7402108013
7405112000
7407012012
7410013005
7412018008
7414437458
7422108000
7425007000
7427012018
7427064003
7430044006
7442108015
7453102001
7457129062
7461082054
7462108002
7467012010
7467063008
7470013003
7470086006
7470108025
7473102007
7474033001
7480048009
7482108017
7485024009
7485024027
7487012016
7489020016
7493102003
7497129037
7501892009
7502108015
7507012014
7507057059
7509020005
7518040024
7522108011
7523138004
7527012010
7527229006
7530010002
7530013003
7531242008
7531380012
7531516003
7531851007
7532721008
7533895007
7536011012
7538020000
7542108008
7543121014
7547001004
7547012016
7550010017
7561506006
7562108013
7565024014
7567012012
7578040004
7582108000
7585233000
7585547009
7587012018
7595113006
7597342005
7598040000
7602108008
7605874009
7607012016
7614080006
7615116005
7617584001
7622014016
7622108013
7625022001
7627012012
7630067003
7635116001
7637813012
7638040004
7640057019
7641004012
7642108000
7645094021
7645251008
7647012018
7647910000
7651058040
7655062022
7659435003
7661083000
7662050005
7662108015
7665094027
7667012032
7667032043
7669020005
7670086000
7671022000
7671058046
7672257016
7677394005
7679024015
7682014014
7682108002
7687012010
7687071000
7687810007
7699036119
7702108000
7707012018
7717701040
7722108042
7725024007
7725026029
7727012014
7728025006
7729426007
7730010006
7734092013
7735754003
7736900009
7742082003
7742108002
7743041015
7744003000
7745124044
7747012010
7755069005
7755693001
7762108008
7764003006
7765019008
7765827000
7767012016
7769067000
7769085008
7769441042
7770230019
7773855009
7777945004
7782068005
7782082005
7782108004
7783009000
7783050007
7785059008
7785819362
7787012012
7799257012
7802108002
7802109027
7804233008
7807012010
7810042004
7810342009
7817025001
7820058005
7822108017
7834415009
7841083008
7841131018
7842108013
7846126008
7853069009
7857102032
7861131005
7862108019
7864011000
7871101000
7873276000
7873911004
7877025009
7877061005
7880115003
7881131001
7882108015
7887063002
7902014016
7902042001
7902108004
7902114020
7904005006
7907993003
7912056008
7922108019
7922114026
7927130002
7933919019
7941004018
7961004014
7962108011
7963046001
7969023020
7978066006
7979078000
7982108017
7992071009
7997017005
8000058004
8002082008
8002108016
8006009032
8012081004
8015002005
8017201024
8017203019
8017300004
8021207007
8022108012
8026049005
8029904003
8035108008
8035793016
8037864009
8042010004
8043117075
8049014028
8053427015
8053737016
8062108005
8063014002
8063133011
8067296019
8069817016
8070010005
8070042007
8071684009
8081004040
8082010006
8082108001
8083133017
8084003009
8087076004
8087771004
8087959008
8089122009
8090010001
8093374002
8097682014
8101001010
8102099005
8102108018
8114369003
8121004026
8121372010
8122108005
8123027009
8126119004
8127007003
8127750009
8128125019
8128518318
8129035014
8132000007
8134095013
8135076003
8135528020
8138006058
8140054000
8142108010
8143134032
8145023005
8147076004
8149411001
8152071002
8152781003
8153760008
8154095019
8155108015
8157283020
8161559000
8162108016
8164243009
8165023001
8166079007
8167410002
8170012001
8170363003
8174036016
8174095006
8177233008
8177556006
8179073000
8181004015
8181010004
8181121011
8182108012
8195210003
8195918264
8197093046
8197132002
8198058005
8202108001
8205023005
8215015006
8217056041
8219023004
8223012000
8238029008
8239392000
8241004079
8242108012
8243001003
8245544001
8245870015
8262108018
8264089007
8272691011
8275097006
8276085019
8278081000
8281004017
8282108005
8289703008
8289828000
8291003004
8292447000
8302108003
8306009001
8309125011
8310620018
8317061044
8317089006
8322108009
8323125031
8323295010
8323381002
8324423330
8329714005
8342108005
8349072035
8350053000
8354124000
8357742000
8361004031
8361118021
8362108001
8363133035
8365055007
8377132000
8379073013
8379140019
8380141022
8380253009
8382108007
8388023003
8389125015
8392426003
8394121010
8395024056
8399004005
8399073019
8399140015
8401365006
8402108005
8402244006
8408023001
8409035005
8409125004
8410021008
8410061002
8414121018
8417658012
8419362000
8420187004
8421004059
8422108001
8424222004
8426033505
8428055009
8429035001
8430010001
8434069019
8434121014
8435107018
8437972004
8439004009
8439148015
8450194008
8454095006
8454116019
8454121010
8455002005
8467063009
8468034011
8468069005
8470007033
8471796002
8473076003
8474025019
8474116015
8477076009
8477404003
8482678006
8486119035
8487010004
8494001006
8495003004
8497249008
8512202003
8514116019
8518062003
8521004079
8521136003
8536072007
8542083007
8545463016
8548122012
8552021000
8562083003
8581004059
8588091005
8590304044
8593108213
8596131009
8597009006
8597077013
8600704003
8601824139
8602082019
8606125006
8618011008
8622082015
8623098017
8625028013
8628073001
8632193007
8633074001
8633110039
8634095013
8637112048
8637670018
8639774019
8644059047
8644223001
8652325087
8653746008
8654088005
8654095019
8659809004
8661004019
8664118001
8666125031
8667845005
8677054007
8683085018
8684118007
8686123006
8686125028
8697054003
8697077042
8697169018
8698087024
8702048019
8702083027
8705077012
8705906009
8707187011
8710075002
8710531005
8710696010
8712049019
8717041004
8723673003
8727063003
8729117031
8733736008
8735028027
8737645017
8740166052
8742004028
8752049011
8753009020
8754695002
8755028005
8755175009
8757887048
8761059007
8764712001
8793074001
8801827134
8805009034
8807076006
8807173000
8807816000
8809713002
8812043000
8817032016
8818020001
8821030002
8821662004
8822049023
8822340016
8823543002
8824019005
8827061010
8827931133
8834088003
8838029000
8841031005
8845163008
8845291007
8851297006
8852022021
8861046011
8861384007
8863143004
8866956003
8867076013
8873014001
8877099000
8890009013
8890036001
8893768000
8897852003
8902649010
8905094008
8905284002
8907076008
8915089000
8916018005
8918095019
8919676009
8922125057
8923076008
8926059009
8935158042
8937028001
8937082005
8941647014
8942125017
8946003003
8947024006
8947277007
8952014003
8952065019
8953450003
8961046013
8966079003
8970006009
8970655002
8971129501
8974442001
8981044006
8988016037
8988018004
8997008007
8997014005
8997082003
9001131012
9007010003
9017827001
9021131018
9030036008
9036041003
9037000122
9040670021
9042007008
9043260009
9051050017
9052014006
9052043007
9053075012
9054074000
9067063002
9076016002
9081003008
9082021000
9085691031
9086003017
9092020006
9094025018
9094405007
9095757000
9096016008
9101805000
9105799003
9107140008
9109094018
9110072000
9115874004
9120169001
9123556006
9128188008
9130005014
9130036000
9140169007
9140176039
9142273013
9143094007
9150227007
9151001007
9151076004
9154095010
9155108025
9156012028
9167119010
9169882007
9171106003
9171514005
9171700001
9175019001
9183177003
9190005012
9192032017
9193647003
9197136001
9197148010
9203135003
9212743004
9213213005
9213215009
9223229033
9229775007
9232020002
9235113004
9237134001
9249143010
9259064008
9260137003
9262060005
9265764019
9277205007
9282060001
9283814003
9292060022
9295068002
9295141006
9302083002
9302242001
9311200002
9311297005
9327063006
9329434003
9334058006
9336001005
9337326010
9341740000
9343135052
9354092040
9365099019
9367046007
9369128011
9369259002
9370014000
9377074004
9377224004
9378072004
9380176008
9383408007
9390014006
9393075010
9397074000
9401731010
9402694025
9403178020
9406003002
9413075009
9414070017
9417074008
9426003008
9427198006
9436085003
9439670004
9441048012
9445028016
9448126000
9448284007
9457208006
9461166039
9466282010
9469000118
9476016000
9479027005
9479155004
9483032005
9483138011
9485232021
9487147007
9487169003
9494092008
9496031003
9500181027
9501005017
9501607002
9502153003
9507023019
9507143016
9511112010
9520074005
9520176004
9538155000
9540176000
9540192004
9544137009
9557014006
9558542027
9560176006
9567535003
9572149000
9573022008
9573989008
9575992003
9577077009
9584642007
9585028001
9588526004
9588988022
9591159008
9592662013
9594001027
9596031014
9599135028
9599145006
9602104011
9603013028
9605028009
9606001002
9610710005
9613103002
9613776005
9613974001
9614001007
9615493009
9618012006
9618088000
9619110001
9619179019
9619633009
9621129001
9633074002
9633160012
9633942005
9634001003
9634114005
9640056158
9642098029
9645071155
9646110008
9650010002
9650036006
9654001009
9657060019
9659444004
9660179009
9661077004
9661199014
9665440003
9667015017
9667063004
9667688010
9674001014
9677200000
9679113073
9682902002
9687015031
9692120003
9694001001
9696411014
9697881001
9700615013
9703249011
9711386014
9712166016
9724379005
9727173005
9733146032
9735366005
9737170016
9738616011
9741142002
9742836003
9745834001
9748010030
9753074091
9757632017
9758124023
9759028011
9759337006
9765048001
9775002008
9775137024
9782031000
9782317005
9785054005
9786010007
9786109027
9787792008
9787798000
9788138026
9792784081
9795002004
9795119004
9801179009
9805054003
9805777001
9807160004
9808641008
9808768004
9810135006
9811612002
9812015007
9813096006
9814074004
9815002002
9815666006
9821181005
9821591001
9824752006
9829210003
9830010000
9832015003
9832708003
9834025016
9834074000
9837019001
9840099004
9841164019
9845054014
9845065026
9845730037
9847192008
9849046018
9850010006
9850729000
9853057001
9853235005
9853598007
9854074006
9857197006
9861601004
9862159018
9862620003
9864595003
9869641000
9870085009
9871202004
9871606002
9872234000
9872237001
9875094008
9878072004
9883205006
9883632003
9885594006
9886689004
9890085005
9893161039
9893205009
9893588003
9894691009
9900204005
9901201017
9902083004
9908192002
9909763014
9913044013
9924649006
9926173005
9928181014
9934063018
9935648033
9936015001
9938067003
9943194008
9948011013
9950159000
9952198005
9954133002
9956015007
9957048000
9958005009
9959173006
9961059011
9965003006
9965022001
9967076016
9967590002
9967598017
9968607006
9972121000
9973044011
9974140003
9976028028
9978158001
9979188003
9981623008
9984578000
9985022007
9985581001
9986133009
9987028016
9990093009
9991137000
9991160009
9991165004
9993172007
9994140009
9997048002
9997049009
9997055007
